2	4	1.0649234799577187
2	3	1.0568589959546513
17	22	1.2156722218889322
18	24	1.8622062330458444
23	27	0.9280014032185464
28	33	0.8987699385408296
31	3	1.8376034221543058
39	37	1.2278694717622936
39	38	1.062655566308503
42	33	0.9719623756261686
51	47	1.0229774199466741
52	48	0.6628970301836015
54	47	2.011906871919707
72	19	1.5276413252191998
81	66	1.069757195513151
85	21	0.756565653364941
94	20	0.9043420284344523
96	76	2.346288040711828
102	80	3.0965878585965205
104	82	1.7049435703635623
106	71	0.8902372013229621
112	88	1.8769264012281812
114	90	0.6524751622791423
128	97	4.659243711373194
130	98	1.3682729923088337
133	101	1.660863959136349
165	114	0.8541743186569493
166	107	1.1719609547499872
168	107	1.3857580011864727
174	107	1.3740969521788564
178	107	1.4111192617797446
180	3	0.8767819848892302
191	114	0.9860166931506317
205	76	1.6631188588819616
205	2	1.353819819196208
209	3	0.9504200354951667
220	19	2.161592735718668
220	17	1.6667134743970922
229	19	1.0866258671260245
235	29	1.0180399326222145
236	56	1.739052075865367
240	107	1.73527633849512
249	2	1.067173305447336
258	71	2.483971443992189
264	71	1.1568731603448952
279	3	1.6202073724044639
285	12	1.0457356801291986
290	27	0.8966208275735913
294	151	1.9594131378279436
301	152	0.9428153285673916
313	68	1.8599391597288324
324	16	1.9141225041870713
325	147	1.7051644648176458
339	107	1.6107250310206735
345	16	2.0457272716464265
346	79	1.7496425652533312
356	16	0.764920042403346
357	107	1.5747193533987727
359	5	1.5254729559057705
370	107	1.5158050996715873
374	98	2.2279392640029654
375	80	1.2205089275079097
375	3	1.2106267372326447
397	16	2.077183124676849
400	71	3.6964721124914695
406	5	1.4132195705801558
412	107	0.8754454087044492
418	107	1.337698389731995
439	102	1.6031806812110927
444	56	1.2589580690560103
448	150	0.8658035001271286
451	19	1.2929730767625722
457	75	0.9190978790690031
469	177	1.459698816552549
474	16	1.325743852148431
477	114	0.8423138426669771
481	107	1.0503544014001087
483	102	0.9384306207423216
484	102	1.707301790081495
493	81	1.161475555795746
514	182	1.632338207120818
527	107	1.0747557050930294
536	188	0.9900265045305384
544	21	1.7520870441325906
552	37	1.829426948210319
561	150	1.5336121706252939
566	71	0.8826275868636406
571	3	4.643959476973258
572	124	2.0427112885952674
575	110	0.9652944746152698
585	71	1.2027360315681468
606	3	1.6637190004128903
610	199	0.9520495416208391
617	20	0.9839357953666754
618	97	0.628506851583463
619	107	3.20409577909595
629	107	0.7710852274720549
634	98	0.9089114645402707
639	20	0.9498826494701058
639	107	0.9472733227656841
652	4	2.7521867010450007
657	107	1.5978359718822286
658	29	0.8140598153703038
667	46	0.9965321502352091
671	29	0.9121380443444259
678	80	1.5860304693011738
681	16	2.4691679463424236
689	3	1.4682970895711738
693	102	0.602220599999347
697	19	1.2858665664593054
705	97	2.6033024703045005
719	107	1.5987727628580708
738	74	0.8090960063370339
749	71	1.4188751705890341
754	4	2.880475980354224
754	3	0.7957277885914524
772	56	1.8939214853767794
773	209	1.4930454753751998
774	107	1.3404173175015588
775	210	1.7810918700246419
775	173	0.9311642153771288
793	199	1.3960496836571736
794	173	1.3995697509764442
794	177	0.8188543576340214
798	107	1.420426369309427
799	75	1.1928155475688162
808	118	1.129166566753177
816	46	0.9857281464903694
828	3	3.0819238050798443
829	34	2.2225854056584327
829	16	2.1955722249667335
837	217	0.9521354584242195
850	81	0.9491740608025386
853	67	1.0301129312089892
866	114	1.8810794384528227
870	74	0.8572213730177212
881	102	1.8340949748666766
885	220	1.053923425607288
888	2	1.2994531487660288
889	152	1.7591566949744357
904	3	1.5507746362750143
909	4	1.4880563529992756
910	3	4.062128752015882
930	84	1.3052897530096277
935	177	1.765709842770057
935	3	1.040786370435128
940	56	1.1237627071020264
958	16	1.6386453506834326
965	107	1.3478743719211685
967	79	0.9066209433621897
976	19	2.524183296304443
977	107	2.2546688798019128
978	227	2.8077663530054204
986	33	0.6399957789273292
994	20	0.8769911509119952
996	177	1.3453702036899213
1002	19	0.779397319777648
1004	114	1.2835232449474538
1011	19	1.3295944140530076
1015	107	0.8195851066792584
1022	204	1.7819045957860273
1040	5	3.002119974447905
1043	17	0.8657731681939174
1048	24	1.8097525849777054
1050	34	0.9711636141734639
1065	158	0.9502780365604375
1075	66	1.359837077492395
1076	107	1.0226482392598502
1078	19	0.7228256909139158
1080	19	1.5236000058805736
1090	17	1.3558321215425724
1099	97	0.6716108110149172
1101	2	1.3384012324731376
1113	233	1.352285675994469
1119	89	1.1830099180387958
1129	75	0.9960755198810618
1133	150	3.185634335158541
1133	19	1.1178605718561214
1148	12	1.3361582071641507
1151	107	1.4609752819799018
1157	76	1.615652037269813
1173	107	1.6513856842689665
1182	241	1.2273692858953402
1190	4	1.0873394888707408
1192	107	1.9227975717206736
1194	17	1.2318806574804397
1196	67	1.687279935708815
1224	177	1.4893626145313867
1229	16	1.2090292418929145
1230	71	1.4136505454702764
1231	16	1.0488474731587698
1234	177	2.0875914439305587
1240	127	0.977870916758661
1243	107	1.4773851348755938
1244	114	0.854166609342259
1249	107	2.436784811842969
1249	21	0.6710431481414927
1255	107	1.2296233649789943
1260	48	0.8051674507510467
1270	204	0.9076246828220313
1277	150	3.6124281933622955
1281	37	0.8872148265925828
1281	38	0.8686739694938714
1295	248	0.6863776671519617
1304	133	2.4469367488990468
1308	107	2.267413398367518
1321	71	1.9123030599447313
1322	102	1.2618207302721498
1323	66	1.9833030255144253
1326	46	0.8712206694723059
1331	107	1.1869157598700313
1333	150	0.9126827457800062
1336	3	2.0711671704430685
1339	102	2.1514408552825985
1350	127	0.6048065374324336
1351	251	1.0589123109137957
1356	107	1.0325167195573512
1356	68	0.5131139355425642
1358	251	0.840286112051988
1359	127	1.1357306129126576
1361	84	1.3728187786600972
1366	68	2.543940446499114
1369	2	0.7519891612766537
1369	107	0.5295136293907516
1371	133	0.9087249073293966
1374	107	1.81872276503683
1376	114	1.420415569921524
1379	204	1.5405147107060229
1380	3	1.003646143175024
1383	16	0.9036732261889033
1384	107	1.4679341161593948
1392	150	0.8845819497565762
1396	19	0.9171461551095171
1401	147	1.6705230000508329
1406	107	0.8733668930654808
1412	102	1.136595037894714
1413	19	1.850497280561811
1417	118	2.397650214014633
1433	224	1.8351602867365908
1434	31	2.1603478738914266
1435	19	0.9012221455376566
1448	177	0.938033148138822
1450	255	0.6034999621833674
1463	220	1.009873822578934
1478	81	1.5896362914875595
1482	38	0.862508410614619
1502	3	0.7155220992415264
1515	16	2.139275841994861
1518	107	1.3587152354415157
1522	107	2.5827325945788884
1527	107	2.8080350375819565
1541	74	0.8571974556247568
1552	19	2.6352012803587694
1552	67	2.4423506451502988
1558	107	2.709384673022665
1568	74	0.855317457219208
1572	74	0.945734259568386
1573	97	0.8853933102831215
1579	39	0.8837035098728512
1580	39	0.6947379221502595
1596	110	1.3839392368864547
1597	177	0.6016075899137239
1608	118	1.4031784285067883
1616	3	1.1169144594828815
1624	12	1.7414004639150318
1626	20	2.041968797721268
1647	263	1.6710093902436218
1653	81	0.7570474553548864
1655	75	1.7266409340663582
1667	107	1.0439627170249126
1672	107	1.803586687966132
1686	152	1.5139029868744511
1697	12	0.8777291393776082
1706	81	0.932082486859964
1717	118	2.3241359812397704
1717	102	1.0580940311597724
1727	107	1.0000851053396056
1727	34	0.9996548762915012
1727	48	0.8497971994400672
1730	71	2.031190208784669
1737	204	1.649512949721827
1741	204	1.1703614826433406
1746	177	1.6636124060308477
1751	107	1.969880244890635
1763	29	1.4158861819802062
1764	74	0.9695069303723631
1773	107	0.8556319417799905
1815	4	1.021136708247284
1816	204	1.3986533545417403
1824	220	1.1369705878310437
1832	3	2.4004116177931563
1833	19	2.2542944009520403
1834	207	1.0289466698992586
1838	150	0.8596068136676625
1854	207	0.8820769005325628
1861	16	1.2267740327728585
1882	270	1.2587656774506695
1887	3	0.9511177203521974
1890	107	0.8568540067922081
1894	71	2.8228784972759193
1911	272	1.3529407214079205
1916	114	0.8388762480238567
1920	275	1.4546515891003975
1920	102	0.8401719723627965
1928	74	1.127741019052063
1931	2	0.9516183803748536
1933	24	2.495872085350724
1945	241	2.044179983182089
1946	107	1.5944209787107682
1953	4	1.9907602909400886
1958	107	1.7556937328445608
1967	177	2.7219587069186177
1967	3	1.6458586126077073
1968	16	0.4653281043193622
1970	3	0.9762648103319437
1971	2	0.8653082936548807
1973	34	0.9125931913667173
1982	4	0.8636241949481341
1984	12	0.9046157060499163
1987	118	1.5450100432447549
1989	67	1.4194131662788247
2000	107	2.2551801011278574
2002	147	2.455227961649163
2003	230	2.4853648165341253
2006	107	2.224811305153489
2009	177	2.31653788043441
2012	3	4.066696375996609
2013	177	1.416480011582735
2014	107	2.467419481638542
2028	107	1.1530091037130057
2040	19	0.9112426912368702
2049	76	1.7235362604472655
2050	270	2.8010817717935463
2053	107	1.4247856156155227
2062	150	2.1319597568468627
2068	74	0.8272364901523735
2073	12	1.0969273115899718
2076	17	0.9109882440019645
2081	12	1.173951541964953
2087	204	1.6223868160322077
2099	3	0.8124317444942853
2101	24	0.6297393180707285
2102	270	1.3364592257843775
2102	107	0.7922697275168616
2109	107	0.941193458228495
2111	173	1.3311053667683823
2121	67	1.4570951649631465
2128	37	1.2953091896936544
2132	80	2.155518937453155
2132	4	1.4307475281646713
2136	150	1.694241373059861
2142	102	1.2530009364557144
2157	46	0.8551144153593586
2160	16	1.313407244065829
2171	71	1.2184309734638301
2181	75	1.5749172601519525
2186	114	1.3009795773664992
2195	68	1.3796696891428675
2199	107	2.860371728752251
2201	75	1.4817386459653352
2205	270	0.7617725886908745
2206	102	1.3606975901423026
2207	114	1.5012177139173166
2218	2	1.0295204465111305
2223	270	0.905995338110767
2238	270	1.4516134370592622
2249	124	1.522304071704492
2251	46	1.5364021716822573
2254	263	0.7436186293488621
2264	74	0.8093595250026294
2265	71	1.0278333518163323
2278	46	1.3156919279333088
2278	204	1.1816581167343947
2288	107	0.7060941729637209
2294	107	1.4526178889480132
2295	118	2.6627568814146487
2301	150	0.7816895150176395
2313	102	1.8595469379912524
2322	177	1.5075081977463065
2323	114	1.1043438857662384
2324	150	1.6491818671222223
2325	67	1.1385661999257182
2331	114	0.82532460307545
2335	152	1.5367031037849148
2350	107	0.8862812870375631
2366	150	1.8822997100336352
2369	38	1.4554715826098477
2374	107	0.7377872570891765
2376	233	1.3266830853698952
2379	173	0.8713198978206788
2382	3	0.8628907266741569
2392	74	0.8733558834194568
2395	19	1.0259235132174633
2396	75	0.923893072768327
2410	107	2.227933710174897
2411	107	1.1758918299753935
2413	220	1.1186323081341956
2414	3	0.9681659004855899
2427	107	1.6800864577335872
2429	177	1.703977710966367
2438	34	0.9433388415817434
2449	292	3.5797726734133795
2464	107	1.3085801812044338
2468	107	1.356861617826425
2469	107	1.8076916577245037
2476	107	0.8363069002180585
2480	294	2.1092731980130077
2484	102	1.0815701131112774
2489	74	0.8879376297519916
2503	177	1.7261271118362274
2511	107	1.4407394651851726
2512	107	0.9571223091786125
2517	24	0.9172015129655559
2532	150	1.2921497191526017
2543	107	0.6818212053932389
2557	295	0.47688005995993676
2566	107	0.8473507149380728
2569	107	0.5475291428625565
2572	107	3.4608481431865146
2575	150	0.9184251477356756
2576	4	1.949314257809778
2583	177	1.6631336865006519
2585	12	1.2162088734692347
2595	270	3.2613625013519307
2595	46	0.9065453022345349
2596	102	1.497876120798187
2598	107	1.4686075412599653
2600	177	0.6382985738474444
2601	107	1.4710463070909383
2601	20	0.9475376707927934
2603	118	0.8896690280986661
2606	230	0.5604141947476158
2613	204	1.4889141363945961
2619	107	1.3889614677644786
2624	298	1.4677298279017508
2628	3	1.0752629025012808
2633	4	1.0861037954111201
2636	177	1.4098700861765674
2654	177	1.4150378014298215
2660	204	1.9382231720130567
2664	2	0.7834879128566525
2665	5	1.3787131723258392
2673	4	1.3168144327879996
2673	177	1.1332966443965877
2679	4	1.6899861496564235
2679	177	1.4902668754704667
2682	76	0.8150597565913081
2697	101	0.8916443759254709
2703	19	3.1673108296139194
2708	5	0.8064309297782855
2709	107	1.0659534348734157
2709	118	1.0551793894652586
2720	102	1.2544042333184986
2725	3	0.9521851698467989
2731	71	1.6751527704490687
2733	102	2.525606283123495
2739	107	2.0000101867597655
2748	16	0.9616125353584706
2753	3	0.998290928316875
2753	74	0.829248878259607
2755	3	1.6036179129200767
2761	204	1.4022302838880016
2763	19	3.2960738455539316
2765	21	2.5284458444434854
2767	107	0.7484120553234279
2788	107	0.8722437921068222
2795	173	1.4088834991150982
2795	107	0.9272007806043797
2796	74	0.8592253882664374
2798	74	0.9516836087087401
2802	3	0.9081491077505612
2804	102	2.2130274980846663
2810	248	1.1866962311699287
2811	3	1.199103981052024
2826	170	0.9052852369682439
2827	3	1.500648084373374
2830	107	1.7023259260449188
2847	46	0.811389020502525
2849	150	0.7328875818813554
2852	12	1.1190380335906265
2857	80	1.238153388938763
2858	71	1.4180677801925872
2866	84	1.273856563004099
2872	75	1.9643906390692973
2889	37	0.837593137698338
2893	19	1.71221002232617
2896	107	0.8718423073681572
2906	107	0.7271597669986681
2922	124	1.9024376681688744
2923	107	1.5419824552136958
2924	107	1.6582045377411805
2926	107	1.2110148861980377
2929	107	0.519935746984954
2932	4	2.146722111664645
2941	107	1.6252364138610345
2950	4	2.9835753516322407
2959	75	1.7294252930481766
2968	2	1.5588807533763702
2973	74	1.0119245058634214
2975	310	1.568395190663786
2975	182	1.1166901487358236
2978	3	0.8356892442490976
2980	207	1.8207610859861523
2982	107	1.0918011860150956
2987	177	2.8282619595393523
2991	107	1.8252467117216007
2994	19	3.16637911714235
2995	20	0.9883253151518737
3001	19	4.000947245715561
3008	101	1.3252704783507574
3008	107	1.1567045050262394
3008	74	0.9468078550154144
3013	71	2.0531046339963828
3014	118	1.8778757620739224
3020	46	1.0002404695489482
3024	46	0.9838162154151343
3025	133	1.7109292854621043
3030	107	1.4822471023765762
3032	80	1.1007769595865886
3032	71	1.0793069253429777
3044	270	0.68182245123332
3046	127	0.9855884811924144
3052	16	1.3477204016705628
3060	74	0.8428894374175824
3069	107	1.200969971557346
3077	170	0.8490510738169885
3079	107	1.6259056954769933
3084	3	0.9532289255381842
3094	67	1.0765143039577223
3094	3	0.7491945160607242
3095	38	0.8191541285081468
3097	173	2.3657220598236623
3101	120	1.5357486772507984
3101	20	0.9810331453956029
3103	67	0.6119628726119857
3108	3	0.8931776632599563
3113	107	0.6923180816935232
3118	75	1.4448967783461197
3119	255	1.2400690243819645
3135	107	2.5966644418306837
3147	84	1.4107610529887085
3147	68	1.1421123930943842
3149	212	0.7108682362742786
3157	107	2.1030358831645444
3159	133	1.4770586293957382
3161	4	2.0599922804571618
3165	270	1.9758721613001915
3165	107	0.7971524572267193
3167	230	1.3980836093500018
3172	270	0.6783124949081776
3181	38	2.2519055823477974
3187	270	0.9740995640677788
3202	97	0.7445658837938854
3204	107	2.14032535643465
3207	74	0.9814037714243
3239	118	0.9843284674059398
3254	98	0.9450357281675217
3264	150	3.2704710862524644
3273	97	1.719299547947111
3290	275	1.50355683747583
3293	5	2.7240165052247436
3293	310	0.7941988028834288
3301	102	0.527299300469156
3311	270	0.6382406479839082
3335	107	3.694799331332786
3357	170	0.8997102446606451
3364	230	3.335454388028719
3368	177	1.2237111843015025
3379	118	2.174373254020493
3379	107	0.794773459970906
3381	204	1.3733843793819334
3382	79	3.3822125559511518
3383	3	1.4870517851843104
3384	107	0.8537464946266694
3385	107	1.9465216849481652
3386	270	0.8731998695782568
3392	107	1.3062006031727935
3399	173	2.0871345458020008
3400	270	1.4012454386043667
3400	150	1.0081256136525667
3403	3	1.0875697320007724
3410	3	1.4178026034650704
3414	107	1.8345305335663047
3415	102	1.0947343851934002
3418	107	1.2198776705497127
3426	37	1.069720420689731
3438	177	0.6960522709259529
3447	270	0.8407180630006861
3452	107	1.3607047936782155
3458	19	2.341046422996369
3459	220	0.9293432619280726
3460	107	2.7299665396470223
3461	37	1.835295150132604
3463	327	1.5484802626632257
3467	67	2.1955448693331716
3475	79	1.554898197188866
3479	75	3.350807145465331
3479	76	2.6924236098583316
3481	4	1.4030989512920697
3482	133	1.4682673266827668
3509	17	1.442889562554265
3520	19	0.9100146534883053
3529	34	0.6459308006117869
3541	4	2.0262526663684124
3542	107	1.3955304558618522
3547	177	0.9503562603096032
3554	33	1.2425044867037895
3570	230	1.9475392109986267
3591	3	1.9429785973895737
3596	75	0.8393609210373235
3602	34	0.6226252574489168
3608	16	1.7534784165370763
3614	107	1.4589156923317594
3621	74	1.240053528125823
3621	220	1.0352553085658307
3624	270	1.248389635352425
3633	38	1.9975649420902568
3633	150	1.1902128948570163
3640	328	1.6386559676271182
3640	177	0.8629959852198328
3650	67	1.3315592726648782
3660	107	1.434592388469081
3662	19	0.9073600733577651
3678	3	0.9354898736170933
3685	173	0.8901732207338307
3686	177	0.8943070286613292
3690	107	1.0971113479439998
3696	98	0.8021949223055408
3701	75	1.916208831315274
3701	76	1.804066732475214
3705	74	0.9664824690675123
3728	177	5.237031040754613
3732	83	1.3563612700930816
3737	177	3.795747256662761
3755	20	0.8798887389668257
3756	46	0.8107010524434342
3758	237	0.7810821888522225
3761	173	1.5550424721600717
3766	124	1.8383083613417839
3774	3	1.2941215326477962
3783	5	1.2502331307473322
3792	107	0.9477212979779476
3816	80	1.2687440645769723
3826	67	0.9171477020574184
3838	107	1.4417076128191801
3851	150	0.8749353770264832
3861	19	0.9797276196166264
3862	74	0.8342514742603057
3872	331	0.9112426912368702
3877	177	0.9981417512707124
3879	170	2.1332278621141123
3880	67	1.2650882876756095
3882	107	2.1107468950921504
3887	133	1.08512357371082
3897	177	0.694078135224206
3899	177	3.03887124081892
3904	107	1.0188103107047417
3905	76	1.0215621001346025
3906	177	1.460390104817307
3918	260	0.9779259044146065
3919	133	3.068262600831159
3919	34	1.1053770318249296
3923	46	0.8005184332037985
3925	241	1.4160308234974701
3931	19	1.2403708076226685
3941	150	0.9262073831982456
3943	333	1.2953254096960796
3945	107	1.6031731568293996
3947	334	1.2945069151183168
3947	20	0.7181909940307794
3952	20	1.5651334157389833
3953	177	1.301138203662071
3954	107	1.1092878576730807
3964	21	1.3497176814820597
3971	272	3.410277747502727
3975	107	1.6093012630446084
3981	107	1.5938338347186631
3985	4	0.8384194214401111
3986	20	1.4505788115511438
3997	3	0.8526492305230227
4000	177	0.9018236559960073
4004	16	1.939821355891152
4014	338	1.081261243709937
4022	79	1.2731755194045262
4022	217	1.0873362845588328
4026	107	2.296514627125056
4026	135	1.7308095659959721
4046	74	0.9542872048727592
4054	98	3.078831371030888
4061	102	0.6759093156834374
4063	2	1.4481051398968972
4077	170	0.9575279623424777
4084	12	2.0111668411572943
4085	81	1.3832857986075848
4086	177	1.3029692641641932
4087	2	1.2804506687908632
4090	102	1.2537015888634082
4090	38	1.0618753023627032
4098	177	1.1556330216170638
4100	258	1.6758410304994544
4105	107	2.0914527950945843
4108	75	2.320574448566407
4109	71	0.9315817901193912
4113	150	0.9115602753992192
4114	29	1.304832758801799
4114	210	0.7282061052102723
4116	102	3.346371857633426
4128	127	0.7284764036174838
4131	188	1.5752782618987473
4136	170	1.8370052540287685
4145	107	1.0236081041901006
4146	107	1.3488831916814612
4148	12	1.7103750837545435
4151	3	1.5343934694837105
4152	107	1.005821082446897
4154	107	1.2433817486421304
4167	46	1.0513321899266082
4176	298	1.8782750402752662
4188	298	2.1598303271545953
4188	102	2.0622261734503704
4198	74	1.2435483900819242
4204	220	1.8350638039344305
4219	133	1.568605566547359
4220	107	1.5389373933178916
4222	107	1.2769959453233748
4242	74	1.2087644903076593
4245	74	0.7671674180144742
4248	260	1.1268355874016855
4261	177	0.8884285420505728
4266	177	0.8442828452630876
4272	107	3.2263743222263983
4274	3	0.8985659219505701
4276	107	1.8631969000877378
4282	4	0.9774625614624738
4287	150	4.061965227382897
4289	260	2.030756979061784
4301	275	0.8487717128349314
4308	220	1.74481606314347
4310	38	1.848497933412928
4316	177	0.9718525023289343
4326	16	1.5724772331516268
4328	97	1.6742769752387847
4338	71	1.1867305341660725
4339	102	1.0152743862077187
4348	75	5.24878425509316
4359	292	1.3450979589553482
4364	124	0.9265851377081711
4366	37	1.004887370227225
4372	3	1.075516087375028
4372	4	0.9400881141255635
4375	97	0.9710475419626682
4379	251	1.8573586628366976
4380	5	1.211238338489199
4390	107	1.3032040668642144
4396	29	1.5698176065252545
4412	204	2.1511508639986774
4414	270	1.4002602392367114
4422	107	1.162470336523615
4422	12	1.1331605392975495
4426	107	1.7115547207875812
4444	97	2.029005152724772
4450	20	0.6993719753038666
4452	38	0.454502725045643
4463	270	0.8548336166656607
4464	133	1.5722449435593295
4465	150	1.015136132698005
4472	84	2.0804994818681157
4485	102	5.017722060631717
4490	270	1.2343908577148779
4491	107	1.3141592466228702
4495	102	0.9656825213620293
4504	98	1.4045982100873136
4508	101	1.4584433516077915
4514	177	1.184020682415259
4517	3	1.0983913923124444
4519	16	1.2790149451415915
4522	2	1.2438064504089035
4522	350	1.2294569064790146
4522	102	0.8073658970976944
4526	56	1.0067315442306186
4529	177	0.8530530120338427
4530	177	0.661968650937095
4538	81	1.1050264217318913
4540	204	1.4966906439608827
4548	56	0.7935520935362036
4552	80	1.9327867245494523
4553	56	1.556308747765376
4556	107	1.6886848686684601
4563	75	0.8715775649306835
4572	270	0.9988263725234131
4582	220	1.121917486933385
4585	177	0.7497011722837366
4587	352	1.873020068323033
4593	102	1.6011272924498405
4594	4	1.2345448318265642
4600	220	1.4734790985069333
4601	68	2.2711878189131864
4604	177	0.7460085799846918
4617	71	1.0531869781590304
4621	354	0.7078986790860268
4630	220	0.9175521268390975
4642	107	1.7890347411499963
4653	177	3.478067442239129
4668	5	0.9363540750583847
4669	107	1.7429166619706038
4677	150	2.3717337294442906
4679	19	1.9481656744300815
4684	16	1.3765999588588003
4685	107	1.6938534103690868
4687	258	1.7753190024440495
4690	19	0.8365118739239478
4692	3	1.3888765516814672
4696	81	1.8258745054795413
4699	102	0.844753171455922
4718	2	0.8139178508293297
4728	12	0.9052605338319345
4734	83	2.4671505569812213
4742	83	2.9818621720535896
4745	207	1.3245818952902542
4746	107	2.64531362741623
4749	4	1.3261462173567855
4751	355	0.7641495071159266
4753	68	1.0423188512821298
4755	107	1.3780389854324793
4781	150	1.2344000879911274
4783	298	1.6080573262722861
4796	46	1.0322824578509686
4807	102	0.625052545705288
4813	354	1.028892372470651
4813	74	0.82449728265952
4820	177	1.8210850298351766
4824	107	1.5581297528285116
4827	3	0.9287690452167345
4836	133	1.4650073039029097
4840	107	2.366074705427078
4844	170	1.312106762894056
4846	31	1.2629745882457315
4854	46	1.0309943991503503
4859	350	1.6085825705021877
4859	308	0.916992917312369
4861	270	1.7868173573420223
4867	212	1.0709690301933703
4872	80	0.5311578041497029
4877	107	2.1583136753961036
4879	127	0.9539854658128297
4887	177	1.2929533072152992
4888	127	0.4480810038265962
4890	37	1.4959831867830609
4891	350	2.7260996255019636
4894	210	0.8410973091349512
4900	75	1.112536965725218
4901	2	0.829796519021469
4909	46	1.4922034266033715
4914	177	3.4905397957219035
4917	272	1.3564967148286153
4917	350	0.969131850254656
4919	150	1.0008682371687077
4922	38	0.9724085613453107
4929	102	1.3154089256300845
4934	170	1.333545664675491
4935	212	0.9919513852925572
4941	16	1.3980779242287205
4945	107	3.770926957355462
4966	102	1.2253360665956001
4995	177	1.244843414054581
5001	107	0.8429939560361648
5005	74	1.558293395661458
5006	38	1.4156742731132597
5031	38	1.2869406337252671
5037	19	1.6319661682027558
5040	75	2.432250784389736
5044	4	0.6214534436578418
5045	102	1.1752275732154742
5056	298	2.126512466227907
5067	102	1.4500714415935079
5081	204	2.4479486625650475
5100	46	1.4875743340869896
5102	150	1.1813320095475708
5103	102	0.9128056202957955
5109	2	1.4317728825994471
5110	107	0.8012638938638789
5113	177	1.5306317743842779
5114	127	0.6988206917989104
5115	5	3.474387045890327
5120	68	0.9119679125230057
5137	107	1.9705338747316397
5140	150	1.6239471692779137
5144	97	2.1622770394468844
5145	107	4.046780022695038
5147	355	1.7088049481067846
5150	298	4.824032585472019
5150	102	1.3213905529390966
5153	353	1.1417346015956231
5164	74	1.0885721284092824
5190	124	0.9759605554197665
5205	102	0.8816249864682888
5209	274	1.8341927699406337
5218	177	2.530797830844122
5231	19	0.7859329936919291
5232	118	1.4184005521156164
5236	71	1.2455062630480522
5248	334	3.7109776573892637
5252	102	1.2367775044218694
5257	367	1.3082584341831427
5258	107	1.6074010269455865
5259	177	1.3831009578917632
5264	270	1.9041195996098768
5272	107	3.884933647289148
5274	19	1.0270362182237878
5275	3	0.9400449947956637
5276	133	1.5970241104501945
5286	74	0.9483339282007597
5297	75	2.1789052546613963
5310	220	1.7579760085776044
5311	102	1.767534522548829
5323	34	1.8533257931142086
5324	19	0.706128596241518
5342	102	0.9715442539131035
5346	12	0.8684534937901782
5347	275	1.498610748127758
5353	150	0.8554717063092281
5356	327	0.6309964688549881
5357	5	1.2907236675053668
5362	37	0.9580343682176601
5365	74	1.251898163984104
5374	107	1.8944962134430807
5376	177	0.8485976036069846
5382	107	1.8499632342491386
5383	150	2.114978020660419
5383	177	0.6310560413397239
5392	107	1.9450286276569437
5392	74	0.8431543817105641
5395	79	2.205725506010465
5402	177	1.9435982761929538
5408	107	1.4349203626183864
5412	107	1.5436800040645746
5418	80	1.2640846733467594
5421	107	1.7222866744743883
5423	4	1.108371324452786
5425	270	0.8815364419284307
5428	107	1.4539875287826378
5438	46	0.9467286500600378
5446	46	1.2078431256080662
5449	220	0.9494725978680976
5451	71	1.0432965603637245
5452	67	0.996312451926862
5453	177	1.99564828784744
5465	177	2.1518216769512137
5467	107	2.967591216012745
5472	102	0.795136731111334
5480	237	1.5017842595780573
5485	4	0.7773389240615997
5486	177	3.142934474391865
5499	107	0.9381404694903374
5506	82	1.7085231320253316
5510	107	2.6017690700196843
5511	107	1.5279966341733109
5520	177	2.0051315869384743
5528	204	5.297601768260754
5541	107	3.2657406975757324
5550	19	0.9065530817715046
5553	220	1.16173227735521
5555	75	1.2380537698369953
5567	327	0.6696105171803648
5568	71	3.864081635289904
5574	75	0.7782728894703222
5578	241	1.4673593360033435
5585	209	1.578551745374948
5593	217	2.2435946502520485
5593	29	1.465354005138647
5603	118	1.3145540417531247
5607	150	1.1880971662205284
5610	31	1.5566427458424
5612	75	1.6824471665376517
5623	300	1.3231707775077433
5623	147	0.8368472009046102
5625	150	1.1521217767317389
5625	74	0.8844456876948307
5627	74	0.8605452465682892
5638	16	0.9300598505087587
5642	177	2.4622058040905657
5657	102	2.3300160279189397
5659	75	0.8113094620664016
5666	29	0.858143139822869
5667	20	1.0684266852234914
5679	127	1.159937055921532
5681	133	1.0353055595722005
5683	107	1.0327991667200227
5683	74	0.9316616917155403
5685	107	2.7821292269459263
5686	298	2.306434174048359
5696	82	0.6651790509040869
5704	107	0.9577864337536602
5721	127	1.3578831798696536
5730	19	0.6936580915755979
5733	270	1.3028247276205083
5736	177	0.99873923182959
5742	274	0.5759820853174427
5743	74	0.7824711378590284
5749	107	0.7467110269103295
5755	107	1.3549341087323343
5757	107	1.6158553262102033
5773	107	1.1259876214984534
5787	107	2.8196608691745046
5792	80	2.4684672727102717
5796	102	1.4835613055093855
5801	350	4.174077306551627
5808	16	3.3898923934423904
5813	107	1.8082031794790019
5814	107	1.011266098515399
5816	67	1.0289013687825594
5817	120	2.0561116971193893
5821	204	1.51762924629904
5830	370	1.8691501891725337
5832	67	1.0459173503006958
5840	67	0.9737998229084188
5844	3	0.8165074494438939
5848	177	0.876918862338316
5850	67	2.8465364640228747
5859	74	0.8953608740560796
5860	204	2.909548476088858
5864	19	1.6799062971030978
5864	39	1.2663642243441757
5875	102	0.9052465358104498
5884	204	0.9118558874456634
5886	114	0.9426732528874495
5887	75	0.7966889647850136
5888	46	0.8491594103737128
5911	19	0.872349920886881
5917	74	0.9587954489895836
5919	255	1.7818597407200536
5924	34	0.7324211891185457
5926	212	0.8249454407584278
5934	102	1.6066843062996843
5939	107	1.788106796042119
5941	3	0.9356796252806305
5944	3	0.8898591956045367
5949	372	1.3235300275302342
5954	107	0.9679872669473945
5957	2	1.3266490015987324
5958	177	2.6540388536061394
5973	34	0.8592666834744823
5980	107	1.4695047484662718
5982	107	1.5125915838716033
5984	334	0.8536474075218463
5993	353	0.946827021158288
6000	267	1.0529997379185407
6010	188	4.1540650257819705
6012	74	0.9229448489374896
6015	29	0.9390888023565171
6016	20	0.7279413431636877
6022	127	1.455954267834517
6040	71	1.3139284647612954
6044	292	2.123860271608664
6060	107	1.334014147923542
6064	340	1.3525120739815666
6076	212	0.959176265568059
6087	308	1.0554848044785605
6089	127	1.2686416536956089
6093	127	1.4097629790486017
6095	374	3.138536118603822
6095	107	1.8356511058243183
6107	220	3.0576684162061945
6108	16	0.9322262599355134
6110	107	1.1816969177351582
6130	350	1.2196215999970828
6142	67	0.9484488532148999
6145	97	1.683790601373395
6150	376	2.1450513290498057
6150	377	1.0946997133151377
6153	38	1.1445442403111283
6158	298	1.5122951357964454
6162	251	1.7462377059621244
6163	107	1.2927725994777273
6170	71	2.1529429477972224
6173	97	1.0542427075324066
6189	107	1.7198446607161146
6190	260	1.234793163656752
6191	107	0.9183195510617934
6198	107	1.0163927496652962
6211	37	1.1020440031111591
6214	5	1.1082987094562866
6217	107	2.15519216996526
6227	204	0.9320033913042662
6227	259	0.9304533628352291
6235	350	0.898957537189908
6236	102	1.6432155099774992
6244	150	3.1585438201663747
6244	3	0.8634332754862366
6247	114	0.8556985822927895
6253	127	1.5330599164541239
6261	267	1.108070852786946
6261	3	1.0990967349067826
6288	114	1.764030278243327
6294	20	0.8817572023630934
6296	207	2.10218705610799
6297	127	0.7348972649240585
6303	102	0.8204516066501356
6306	114	1.0948913709662664
6312	120	2.5454235939854435
6314	67	2.0713319419013967
6316	107	1.2952083963131478
6317	102	1.2600190899832877
6323	74	1.6865833594646293
6323	355	1.5165788958262627
6325	76	0.7928528139292693
6326	46	0.9107030028562442
6327	102	0.526289329988826
6330	102	1.5689629543461476
6351	173	2.1572353996944473
6353	150	0.5925940926992344
6359	177	0.9491683498666393
6362	177	2.0205913654115397
6365	76	1.4208190296383054
6367	263	1.6962211579234256
6378	19	1.5979073541462296
6380	67	1.6291401919990527
6381	334	0.755402890905348
6397	71	0.963097523808265
6399	118	0.92624289299515
6402	98	0.5288218354423024
6413	4	0.8690565579708129
6424	220	1.7357237674874402
6434	22	1.0544340839701571
6441	382	1.5162270221510008
6442	68	0.7139154765305804
6444	107	1.4459855298790973
6446	3	0.886406425406555
6451	3	1.0158823978977947
6452	4	1.9589872415145166
6460	350	2.0177052390478423
6464	150	0.8460104541848508
6469	3	0.9583575650276329
6473	3	1.4059564188341376
6482	177	0.9740014967715538
6492	71	0.7607584450458968
6496	355	1.9424691005177566
6498	107	1.8738805060303905
6504	150	1.9902697080470113
6505	135	2.6271113655169964
6513	150	0.891348034595701
6515	107	2.1000748411482673
6516	29	2.7633905509353225
6516	114	1.317506139790023
6524	4	1.6319172607508734
6526	350	2.158597509503551
6536	4	1.2693934812163845
6538	260	1.6814256858259795
6543	107	1.074880818412482
6546	386	2.7814269993100087
6548	150	1.0010763189264733
6550	255	1.3619906429357618
6555	102	1.4479643370832622
6571	12	0.9376737976572869
6578	84	1.162920390256176
6579	177	0.7861929094450796
6581	12	3.4472992180010937
6584	204	3.1896932558839826
6593	46	0.9879489584874278
6595	107	0.4986012105249419
6605	74	1.0182919591120791
6611	263	2.7981182823269446
6612	12	0.9475741361799528
6614	4	0.8554427825965728
6621	107	1.2345251639842671
6632	387	0.8965366329977001
6644	177	1.4438200949099596
6648	102	0.6818681970313023
6649	74	0.9111328403594919
6660	71	1.7994234374535771
6684	390	3.6508523341164842
6686	386	1.8037935874209023
6689	177	1.640179328716518
6690	107	1.7189616890621346
6701	20	0.914035066449024
6703	20	1.1756034389507635
6704	4	1.3981843707738153
6713	263	1.930196765230761
6714	102	0.8251267026581246
6723	107	2.1086303478389334
6723	270	1.4900502974378103
6725	107	1.6868092074642296
6731	71	0.7570448771231586
6733	207	1.3963934688015942
6741	209	2.5150393707294034
6749	4	1.2517298849702243
6765	5	0.9544797727267083
6767	71	1.2745958874916024
6769	74	0.8334020463005911
6772	75	1.3692949955733733
6773	102	2.6816048993642143
6773	220	1.486740429300469
6774	355	1.5611494804020836
6787	107	1.5877610863452183
6797	4	1.5037991510156616
6804	170	0.5028475154744372
6808	46	1.3305616726380225
6815	177	1.796376145951454
6822	3	0.9231201212790026
6827	4	1.3481698613442537
6836	204	1.154676989794234
6837	152	1.5721039083496213
6840	204	1.4309702507104205
6847	107	1.6949805387113617
6857	204	0.8655172580512596
6859	89	1.3757922698692193
6860	107	1.8590586362373465
6882	177	0.644753931721403
6884	102	1.2364866803735084
6890	210	2.076695392783498
6892	102	1.2362883277867758
6893	308	1.184920885206422
6895	390	2.3045348725391337
6897	350	0.918188680433963
6897	102	0.8875874834236523
6903	107	1.3194150969286524
6913	67	0.907930094434993
6926	204	0.9852911827931748
6933	102	0.9454829241176688
6937	75	0.8714873392268899
6939	67	0.8999022387664457
6947	24	1.1016467658833116
6959	76	1.0801445501907887
6963	16	0.98439485648424
6973	3	1.4792721060712308
6978	319	1.0846292559994546
6986	107	2.193037389612182
6991	177	0.8401245323759113
7008	75	0.637664341260358
7013	24	3.0648389326329477
7016	16	1.4345346894227207
7017	21	1.7607154686086444
7021	107	1.151680807084024
7022	107	0.8544912555740688
7023	24	0.7940705560806528
7026	20	0.8078391591321085
7030	37	0.9121909174224314
7035	4	1.1120729319824085
7038	2	1.5720512506803768
7041	107	1.520809960672308
7045	24	0.788096011320989
7055	12	1.5190298352185827
7060	74	0.9629486449649859
7061	74	1.0049648142930772
7072	4	1.2845824265813257
7073	75	1.3098627700707017
7078	46	1.0353240070652894
7085	20	0.5340367789558466
7094	107	1.9296019373045166
7101	3	0.9178447004951223
7117	177	0.9259159955350407
7120	207	1.3043066510373307
7154	107	3.055814618215301
7155	150	0.9544643157704547
7165	75	1.5558305865510569
7178	394	0.9417222017761733
7202	334	3.90268597449369
7202	107	1.549509578343835
7203	107	1.0870300158603052
7210	177	0.6716108110149172
7212	34	0.5698581336206963
7217	270	0.7778436149277269
7220	3	1.958370703948867
7238	270	1.2244867357156357
7243	76	1.246440471181326
7244	217	2.093261490451946
7249	75	1.3802941080645357
7253	24	1.057097744437915
7261	308	0.8970090838476745
7263	107	1.1571258024159579
7273	107	1.7022121143649354
7274	263	0.9516575091532211
7277	68	2.9693625688446756
7277	3	0.9562947537204977
7280	16	1.7528742081519748
7282	298	2.311176601235924
7282	75	1.8320483839663173
7307	4	0.9532478965692851
7309	16	1.535096153047707
7316	67	1.3353461189244333
7320	5	2.610333122860875
7338	19	2.61031048047729
7339	2	1.6544632094841087
7342	56	1.318875104806507
7347	22	0.6477724856085418
7354	177	1.1243524737845512
7361	16	1.0855042795957448
7367	267	3.720058330642515
7368	19	1.0437555527981874
7392	71	4.822520208499693
7392	19	3.7529231811051442
7392	5	2.4196583789501274
7394	3	1.3379397605884846
7401	177	1.5516732533044244
7402	3	0.8529455051818985
7403	74	1.2139268514513641
7417	67	1.4076606781645058
7422	255	1.6689241244897328
7426	387	1.485969502790568
7426	217	1.1484534492878187
7431	67	1.6360587453186963
7433	20	1.2329655554597267
7436	118	1.5456044546027508
7448	204	0.6224180339967431
7450	102	1.1298220575077862
7460	177	1.0078279145602238
7462	107	1.9620859394074988
7470	67	0.9737780019678434
7475	22	0.8740227515693391
7478	5	0.8733211246696502
7484	3	0.6631887863373676
7511	107	2.15945381308846
7533	71	1.1607577929650106
7534	118	2.167045675725483
7536	56	1.7095783051165998
7542	270	1.3707367722842725
7544	75	1.3115853772518296
7548	353	1.2330478393581852
7548	107	1.0196975487333322
7552	71	2.216879859311211
7555	3	0.9871765016695384
7559	107	0.9107610193659207
7561	102	1.548188739129851
7563	152	2.3037096103896717
7566	120	1.1762334561157302
7568	84	0.6741930067491275
7569	19	1.4884973289361678
7574	150	1.5119811530550717
7588	177	1.4606432464258572
7594	74	0.8717941992659094
7604	394	1.2515808445175973
7605	133	1.5439499133672863
7607	386	3.1277958808261133
7621	204	1.0886552083259993
7629	75	0.8904384547357781
7631	270	2.051981309480946
7633	204	3.000456186213868
7651	107	1.649982473200725
7658	350	1.0096946160473188
7686	19	1.0259894070289826
7695	107	1.263002863316231
7702	4	1.4738303576411589
7713	67	1.0168926997791994
7713	204	0.6678782099863709
7729	4	1.2455172617615085
7734	68	0.5865854157473973
7740	67	0.9262759047642347
7741	270	1.2861416392012135
7743	204	0.759917272248127
7748	75	1.2011437887086984
7753	75	1.8034494565881414
7763	102	0.9826813517637742
7772	260	1.1879122683001888
7773	260	1.0597014186636537
7781	71	0.6763350353904131
7783	97	1.1186443751308215
7785	74	1.0131748727380567
7788	74	0.9354881078564452
7803	298	1.4536254877058576
7805	308	1.853278071244342
7805	350	0.7770767322489791
7807	24	0.7788118357572023
7813	270	1.2910546185873384
7823	270	1.125501437900192
7843	71	1.2400567181370319
7845	209	0.9795150762637679
7850	107	1.3129286481453228
7857	74	0.8963173563688218
7866	327	1.7242338564643942
7878	258	1.1913645692733232
7901	107	0.6014662763383414
7910	107	0.9533813856626392
7913	71	1.1638898874011188
7918	37	1.7946034732722729
7920	107	1.0786781767611981
7922	74	0.9085315636777169
7925	107	0.9263871557104
7926	107	1.1606876075720212
7928	133	1.4138869408439003
7930	67	0.6166268703130537
7937	258	0.792441971384646
7938	354	1.6621549483658318
7943	204	1.1811744423686075
7943	270	0.6849580734076539
7948	107	0.42860291241926995
7959	204	2.1377607645778736
7970	270	2.4537836577892564
7986	12	1.5810293313855717
7989	331	0.8532526624010062
7990	177	0.6356901584230206
7996	353	1.1740588617819776
8002	133	0.9269347094632427
8004	79	1.1101314952942407
8011	5	3.0658421948087744
8013	327	1.4465549363838823
8025	118	1.2697909074993088
8027	102	1.085033665006589
8032	230	1.5539922371701784
8032	46	0.9333824001570609
8039	107	1.346292251459175
8045	204	1.357912198720666
8054	204	2.1183578360453312
8055	150	1.5742430788094317
8060	38	0.4688214295251832
8079	270	1.7153539859931042
8079	107	1.3753760819040832
8101	3	0.9866936029935351
8105	74	0.8556698894178071
8111	67	1.1656389482613811
8118	107	1.8351002996571126
8119	75	1.2809026515970703
8128	298	1.6034993613181308
8132	334	0.9757410661506596
8133	350	1.548856852384734
8140	20	1.028565724536281
8143	204	1.0478576883530955
8154	75	3.362236754207424
8160	230	1.335128677633691
8165	19	0.9923557008569667
8166	270	0.5741386391454427
8185	177	1.5407760340968384
8185	3	0.8765566908472441
8189	75	4.09889645806192
8193	102	1.2990366851062747
8196	76	1.675124761891238
8198	20	1.1153986669805025
8212	82	1.3462514707081157
8216	107	1.5539649268311944
8220	107	2.7421810241629094
8226	74	0.8692078790329154
8230	394	1.4169368994712723
8233	3	0.7760861241705058
8250	56	1.2671069960295986
8250	102	1.1679683330572708
8255	107	2.3458242946148644
8257	107	1.6077785129246436
8264	227	3.9717528282493504
8267	270	1.0789363100836293
8273	255	2.5619053776062923
8283	107	0.6934215630709193
8293	20	0.9583263563440282
8295	3	2.0523503109243544
8299	177	0.933474918529513
8302	210	1.643529503674221
8303	22	1.1331824308094405
8307	350	1.162920390256176
8312	75	1.315876910724401
8315	56	1.513859324546002
8321	177	1.576337355691664
8334	150	0.8151931535161343
8352	260	0.8516270960214467
8353	204	1.3731272767680556
8355	107	2.298435278395919
8363	333	1.141542024516721
8368	83	2.201029853508225
8370	3	1.0800719118759294
8370	177	0.7534999688415126
8380	177	0.8303070921619992
8381	133	0.9646681730638429
8382	19	1.2999460492686188
8383	150	0.912653948127572
8394	37	1.2221417946030555
8396	20	0.9606388113382909
8397	67	0.6351192280740032
8404	67	1.1811744423686075
8406	21	1.8212905275539655
8406	67	0.9225468517316867
8408	133	1.3421509035528456
8410	386	1.672601633008283
8413	204	0.9125931913667173
8420	127	1.3318674361933447
8433	127	1.1102917070091838
8438	410	1.4917661523810641
8439	5	1.5371181011865982
8445	98	0.8714978255034899
8445	386	0.831420501557137
8447	107	1.0340469334314324
8447	210	0.9468338794308707
8451	173	1.3635738290329757
8470	37	1.8360549915689368
8473	412	0.6413453520492037
8479	3	2.025088092666583
8482	4	2.1519122541256763
8483	334	0.9207056061738863
8486	107	1.115855091122677
8491	204	1.331477607553959
8496	102	0.8510612904180381
8502	12	0.8708758494022084
8505	413	1.3957313868340093
8509	80	0.6645771173503445
8515	177	1.176975384327768
8516	204	1.223255254806228
8518	46	0.7872392381027968
8527	217	1.2458504932144265
8527	12	0.9780652465631252
8534	350	1.302877049077916
8535	210	1.5881501132779496
8550	74	0.9810378460651508
8551	74	0.8932555593000571
8561	350	1.7030818351818955
8563	107	1.3799262342511958
8574	38	1.1559383921169668
8582	177	1.1930660796771957
8585	212	2.0281377745300837
8589	107	1.3744763540727845
8592	38	1.5986611151121208
8603	308	1.2491663166445173
8605	241	0.8403249266139576
8606	267	1.8537145378745319
8609	4	2.294845410724598
8613	107	1.397449063391109
8622	350	1.4148356577859444
8637	350	1.4404474269930798
8637	102	0.5380873868079179
8644	75	1.4146571628902667
8646	37	1.3594999773671683
8648	108	0.863134038513057
8651	350	0.9026152340659896
8672	102	0.9161179971337102
8672	71	0.5717799571187518
8689	133	0.8735195203302168
8698	97	0.9504233582305848
8710	76	1.084218968565456
8710	75	0.7996131439739701
8723	2	1.4899026098263093
8741	107	1.0863064570334142
8742	241	1.8478296176479885
8744	107	1.916999818351062
8746	107	0.7857557667264256
8758	114	2.7034860895932304
8781	270	1.3885253597474687
8788	353	2.678136310670716
8796	3	0.8585140548152738
8803	4	0.9204394384035715
8806	107	0.99539342773557
8807	177	1.2703520723154464
8808	416	0.8861263796553137
8809	212	1.745427896165433
8809	263	0.8961464902208311
8813	19	1.3072081592491975
8814	107	2.7738709095491734
8816	19	1.0104278027710842
8822	75	3.8070556219355467
8827	177	3.0427914812420847
8829	107	0.7818307163862833
8831	270	0.6921887989356652
8834	4	0.8913368265088918
8835	19	0.9528417187727359
8843	71	1.63331198216001
8844	38	0.832678029941217
8849	177	0.5458743552433184
8863	71	0.9939324325299239
8866	298	1.7448860184665582
8870	107	1.1710979355428117
8874	355	0.7763705102157844
8884	102	0.9749483132985758
8905	355	0.813004041324783
8910	102	1.3103553803341952
8911	24	1.3874293616684
8914	350	0.7811340394200169
8918	150	0.6999934229931268
8925	76	5.154297197581393
8936	4	0.9475386800262855
8940	177	1.5901469557290784
8945	150	1.7778363522679237
8947	76	1.1932232500992945
8949	107	1.3625003900011738
8957	127	0.8061545944545998
8970	67	3.138619046877098
8980	37	1.5524963405264711
8984	5	1.711424622318066
8986	71	1.4913368595995053
8997	422	1.2674059759481353
9001	107	1.1375544864271236
9010	150	1.5430197518373108
9017	127	0.8778553009062258
9028	241	0.8814595985464188
9044	37	1.707142506590961
9053	354	1.5848866128826808
9056	173	0.8379380262363586
9057	107	0.8039972926509689
9084	12	0.9481917728231845
9110	38	1.6983818116084726
9111	107	1.3838372353718373
9113	16	0.9308482613828408
9113	34	0.8829172070187594
9129	67	3.1848742052042267
9133	34	0.8627179137803208
9134	177	1.6417837628813954
9135	150	0.9781537376762506
9141	107	1.4657158492021791
9148	107	1.0274511240964295
9149	230	1.5706450935818883
9150	270	0.5124264299284496
9153	270	0.9080205625122754
9157	4	1.2555783983684567
9161	107	2.104439339325637
9161	74	1.4286728387305803
9163	5	2.295742339951566
9164	270	0.5855313540684619
9167	102	0.6600170847986291
9171	75	3.4493948877035434
9175	107	2.1026722256129475
9176	270	0.5966480291070617
9197	270	0.6908040194467925
9202	177	0.7488770031338511
9207	270	0.6140174122062717
9214	98	1.429374150716116
9232	177	1.313867978767846
9244	177	1.6035537601177576
9249	38	0.9970577382716749
9250	424	0.8360576022245862
9252	74	0.8626986898261032
9256	410	1.9373278102754223
9263	82	1.2134046252291768
9276	133	2.591600162072485
9279	260	0.86478781872829
9285	3	1.0144184925618625
9290	308	1.6164417896465118
9293	98	1.296508871767853
9319	3	0.9858484015544648
9319	4	0.9727924364498535
9322	270	1.003336504631026
9327	298	1.590959841843383
9343	107	0.8927031711144215
9349	102	0.48095443982994407
9350	71	1.341075117636005
9352	107	2.5389731901679555
9353	98	3.0859379732210135
9360	3	1.247206556548266
9362	24	1.5501449685187418
9366	107	0.9017845037136363
9368	29	0.948459111247866
9378	124	1.1247344898703981
9383	152	0.8525067129124789
9385	173	1.3191951459510254
9391	46	0.7523912104450502
9395	150	3.0768435629579587
9396	377	1.831371824542081
9396	102	0.9745043643373673
9398	150	1.9341475924198015
9400	177	2.8609335558043583
9401	107	1.8311752607216947
9403	386	1.403306510219483
9406	263	1.4820360047066572
9407	177	0.8111886955219333
9408	3	0.9811211177919773
9416	97	1.9440651863343277
9418	118	1.6255503201799573
9420	173	0.7817131176617975
9423	3	1.035341601922108
9430	173	1.487075182335368
9436	71	2.124975022145331
9441	416	0.8999260381716262
9450	353	1.2513678366913676
9454	74	0.9379010443140823
9463	79	1.6950858240478703
9482	3	1.2067408563849498
9486	107	1.006999142805978
9489	107	2.788645299291165
9490	107	1.2900171757241572
9521	260	1.057155121799156
9525	177	0.8925367744851658
9541	152	1.6795238733496787
9561	107	1.5933329317115061
9564	19	0.7040186709023791
9568	19	2.122994050696704
9571	107	1.44957777003966
9577	74	0.9167337562344364
9581	107	0.7737365165409857
9587	76	2.135983547025948
9589	12	0.7861248016929743
9594	74	0.9774737129530102
9599	170	1.021461551157238
9606	37	1.2173948712994132
9612	177	2.232867019992951
9612	353	1.9234219049206345
9614	33	1.4645972640987124
9614	107	1.3177453206919716
9616	39	1.3770787843235186
9627	107	2.3212411507201605
9629	152	1.3433769394256414
9633	19	0.7909596613223717
9634	107	2.1445722730668337
9651	107	0.7977726286521823
9653	259	0.7460085799846918
9655	67	1.3808465212709526
9659	107	1.4750979473676509
9668	4	0.9610339641718528
9670	24	3.1742234507486273
9679	387	1.6259233407865652
9680	107	1.602282017990454
9684	56	1.7323227457421948
9694	133	1.922311171227556
9717	56	0.7469381456275086
9721	107	2.3884189637211275
9723	98	0.988734752534461
9724	207	0.8944505924994005
9727	107	1.312171528726937
9735	34	0.755844190360027
9737	4	0.8839158867988882
9744	3	1.137992681956589
9747	71	1.0236226480166968
9755	17	1.9210381989595675
9761	204	1.5829143887416783
9768	20	0.8910631793520837
9770	118	3.1694739506236447
9774	107	4.791837677292122
9776	114	1.5114059139575347
9781	177	1.529173502984057
9784	410	3.580370411210101
9789	177	2.395832851111555
9790	114	0.8931808781123703
9797	102	0.8769949191233011
9806	177	1.1887069276677775
9809	114	1.9451668378062963
9812	107	0.9297450446381197
9836	16	1.4985122344312563
9840	17	0.7458264925729157
9852	270	1.2876506721366037
9858	270	0.784993853997834
9868	150	0.7975062611536222
9869	107	2.496864159769232
9869	16	0.8011818509945903
9871	67	1.480418036651601
9878	355	2.4484336176545147
9880	107	2.1870484919821225
9887	21	1.3916837533520945
9888	170	0.9480177705759987
9895	107	2.1379960032236793
9899	107	1.865479385239722
9904	107	1.6721523198758217
9907	102	0.8314565081650938
9907	35	0.7826468595745563
9915	102	1.9503462193877898
9942	67	0.9519935848847305
9950	76	2.3936229260518314
9962	3	0.9660715574009882
9965	4	1.2545622914690382
9970	22	0.9043683961503273
9981	3	0.9814268388425379
9983	12	1.502464573498494
9991	107	2.774156079332239
9994	150	0.879644988947713
9996	107	0.9145427060517758
10005	413	1.4539411910733364
10007	22	0.9015608780069423
10010	294	1.5518408232072234
10014	102	1.3983827526161794
10016	3	2.980477162017592
10023	67	1.5738417365192439
10030	173	1.3552453211120752
10037	107	1.375493862828475
10041	107	0.7955410275855118
10043	101	1.5977485464680137
10045	107	0.6573820669815147
10072	177	0.7347519843235341
10075	177	0.7688029152026162
10088	118	0.9171461551095171
10089	118	0.9171461551095171
10096	107	1.0525434181084354
10100	133	1.5633555341596836
10100	258	1.396044550156701
10114	97	2.3463206824771143
10118	150	2.3649623146167817
10119	38	0.9534034702024479
10121	12	0.7379978270817851
10125	270	1.680560251521914
10128	3	1.28264070142269
10130	16	1.1255295932097145
10133	350	1.5573431287687387
10135	350	1.158023711111387
10136	5	0.8319039634462082
10144	107	2.186648318496026
10145	177	5.435748895447053
10149	177	1.023011916767452
10153	410	0.8611069799660163
10154	177	1.411150094979938
10181	71	0.938033148138822
10185	177	4.365095259733497
10188	177	3.054635435511993
10200	71	1.736631514497216
10205	270	1.6904553537411828
10207	127	1.57757942101697
10210	210	1.8633285199803227
10211	67	0.5912613083622581
10212	427	1.4386228874506406
10212	413	1.1924465053656879
10215	118	1.1847794203542679
10218	37	1.7387058195165013
10224	413	1.603719723958524
10230	107	2.1325920143136656
10236	394	1.2470553844518206
10239	177	2.034473662316998
10241	107	0.8693631178156209
10242	177	0.8943567500196687
10249	107	0.8717058226757806
10258	19	1.2781804903691323
10262	67	0.822251624772779
10263	33	1.496563623975323
10266	3	3.7764190487386164
10269	386	2.412045044632695
10271	107	2.182001596085449
10277	107	2.559411951294898
10278	107	0.9317287851087193
10279	255	0.5258192945275851
10292	3	1.426182872929738
10293	75	2.5356505842601296
10293	76	1.9605241017401214
10296	4	2.271832213055381
10296	3	1.676504764133697
10299	260	0.7907280953528606
10317	107	1.0423310713652216
10319	75	0.9780504958773818
10320	16	1.9309636194379196
10320	410	1.2391522353739588
10325	102	1.0821155045119115
10328	46	1.1051400557089412
10335	107	0.7354210901083716
10345	272	0.5983040050041071
10354	217	1.3542404236225825
10366	102	0.7571806763933809
10373	67	0.8388908032127255
10376	152	1.2733141058664
10395	107	1.841374577409512
10399	102	1.708341737238539
10400	133	1.1893319829991127
10404	107	0.93633927148277
10435	16	0.905842720375286
10435	67	0.8832547984072707
10437	107	2.1263512157611286
10446	107	5.061478797272634
10448	3	0.9534312284419704
10453	107	1.1287450863467505
10454	102	1.6229852389135553
10455	71	1.4398280153227414
10457	230	1.8055215255679808
10459	270	0.49075447023212576
10464	19	1.7647068040737621
10469	270	2.301167201269803
10473	107	2.889753045197444
10478	427	2.44202047437145
10482	71	1.6615899674337684
10486	74	1.1153622163135393
10488	274	1.2241753289639266
10497	298	1.8830873748433465
10497	102	0.8491039586306021
10505	37	0.9818381736491364
10517	71	1.1926905232423892
10523	107	1.2926758659862547
10539	127	0.8202053373619572
10541	230	0.9319909507189251
10544	177	0.5919452280047228
10556	270	1.9965172086791974
10558	107	0.9823692309112773
10567	71	1.5589564933553242
10578	67	0.903173667885943
10586	118	1.5574759575980919
10592	19	1.3504706343338662
10617	217	0.8556827348009926
10619	67	0.881560984476965
10621	177	1.0117711798443845
10627	71	1.0248351318859268
10628	2	1.6591735615503844
10631	173	0.8739719761877074
10631	2	0.8493995069070692
10645	67	0.9115562269604858
10646	102	0.9043895543313226
10650	382	0.6672936242623129
10653	270	0.9266697114396931
10655	16	0.8728960897134166
10656	150	0.9372950633243712
10660	16	0.7861920964891663
10662	107	0.7165215306387576
10665	177	1.7501253367306429
10672	204	1.4243521292243533
10674	107	1.6309947234969877
10676	107	0.6080310754430482
10686	3	2.0576473454897437
10689	38	1.5737725954475497
10690	16	2.2015167969233334
10693	75	2.3673860706155407
10718	79	0.6798790151546847
10730	127	2.5392310538342437
10738	107	1.5151229629658063
10740	107	1.385031793911699
10743	76	2.081142421385654
10750	204	1.4766102238906686
10758	107	0.8688997132122436
10782	71	1.2521473807618952
10782	102	1.0903278052483902
10785	107	1.4438568830290248
10789	21	1.5737736598494474
10795	150	0.8283097374612275
10797	177	1.3767644637741636
10805	75	0.7459198412865223
10809	107	3.193818726913304
10810	107	1.506365849457553
10817	107	1.7448187974390645
10820	75	1.258488708861687
10826	4	0.8138436457818352
10828	173	0.9578879080268183
10833	107	0.9021365257861831
10835	177	0.6661189660159668
10860	308	2.4532006358600276
10860	102	1.2541696925266919
10870	102	1.8738416432086435
10871	350	1.1546654117355206
10878	4	0.8424816380911381
10882	75	1.9373971719537024
10889	177	0.8526935590322197
10893	150	0.8096562011540847
10913	48	0.8149586845381938
10941	98	0.924889742892126
10943	177	2.6301628732505407
10946	107	1.2851728597977456
10954	217	1.5914367338691118
10958	270	1.9879570220588314
10963	177	1.4821634314271557
10967	354	0.9583808564613203
10972	107	1.9110601661861413
10986	107	0.8268241974810002
10986	118	0.7699975670501513
11008	29	0.8165209098425679
11015	427	2.449290092814481
11017	102	1.7483586727956901
11019	177	2.031292180348559
11031	270	1.0152660153577107
11043	3	0.957739175312503
11050	354	0.8966957881555148
11051	177	1.3263228298531486
11051	74	0.9328661285311806
11054	74	0.9126596391871378
11055	150	1.7106889738964335
11057	19	0.8752618948731806
11059	3	0.8220393241463146
11060	177	1.1081889232793993
11062	177	0.8543397536557749
11067	46	0.9001605370652653
11073	350	1.17673008555503
11079	150	0.8240178759632053
11084	2	0.8641738872946783
11095	67	0.5342995004832307
11097	71	1.531246696258652
11098	177	2.697679718718308
11102	120	1.154242881065262
11102	102	1.0272186823093525
11104	177	0.8767259807615335
11107	3	1.7499641977661942
11120	5	1.261695090973999
11126	46	0.8749147798367727
11148	19	0.7757648818065851
11157	31	0.993390706638834
11163	75	1.8156000322006318
11167	107	0.993562095454197
11169	71	1.7332035325508786
11179	98	0.7744530566794179
11180	98	1.930980310112586
11182	118	1.5440710522384975
11190	386	1.4468513241066663
11191	107	1.5721564572394673
11192	107	2.199129045035078
11206	102	0.7436284556056971
11208	56	1.1877753913126639
11235	29	0.9359773196104244
11237	46	0.9177265883291141
11247	177	2.3997351213264846
11251	107	1.1677101647074677
11254	150	1.2497567217067649
11255	19	1.4431872774674923
11262	120	1.1449447438409908
11263	353	1.4053374124404303
11268	182	0.7984595694463437
11270	107	0.9175463651304718
11270	173	0.9123092921155029
11270	74	0.9121477447405295
11271	29	0.8775183890883916
11281	17	1.0912058865019059
11284	353	1.0170799989939707
11286	107	0.612043304027625
11288	355	0.6700890200286372
11289	107	3.5110834330743677
11290	107	1.9195466312949152
11291	263	1.0481652300538866
11293	107	1.0985358888732828
11301	147	1.7718258824863689
11302	133	2.82371723911099
11313	56	1.2915281228590252
11316	81	2.2373461771493277
11318	107	1.6101126889161805
11320	17	1.5285280248295692
11321	16	1.724972344005683
11326	334	3.0048698265895784
11332	107	2.710765823618619
11337	37	2.689185258698374
11342	150	1.1522960832474038
11343	177	1.9965491439779453
11359	410	0.9033953298945508
11363	21	2.248776014457321
11365	177	0.8808265690008387
11368	150	0.9544710363949661
11370	308	2.321544809557718
11370	350	1.2287176682935872
11371	177	1.8752817628663123
11371	71	1.5242891286697426
11373	4	1.3701824073228177
11381	19	0.9038704717154701
11402	2	0.940970942270055
11410	107	1.1222690760136074
11410	20	1.0632449314978336
11413	267	1.742824643540574
11415	46	1.5253287674607694
11425	71	1.5943028052063635
11428	107	1.5245109928409188
11438	98	1.0082553727742014
11450	3	1.2882209146531194
11456	413	1.5406737146520209
11464	34	0.6361342023863334
11467	74	0.9405916719525196
11473	107	1.0593573544669628
11474	334	1.3624360469602177
11474	2	0.9879966033554383
11475	120	0.8459610599113734
11476	46	1.0224306295276677
11493	170	1.8084565196472002
11499	382	0.518453205077842
11512	98	2.3845471539917256
11525	177	1.6398073249184442
11536	107	1.1593030028851408
11540	67	0.7299408432115344
11547	31	0.7061934089716703
11549	19	0.9472820761980578
11550	2	1.2839904021360984
11559	75	0.7526819900605167
11560	98	2.0256395295042715
11565	74	0.820592231498074
11568	74	0.5379101369211908
11571	177	1.5905933576800206
11572	16	1.1099751062450107
11573	204	0.903807408103284
11576	173	1.4795642248581384
11576	255	0.9374073159191417
11581	107	2.2261367418315814
11583	19	0.9530102100139535
11587	107	1.3964317269050515
11587	16	0.8039185044807459
11591	150	1.2585684216964084
11593	3	0.8620389506555293
11601	107	1.6416015162812785
11606	71	1.1783195897516696
11620	79	1.388832907688768
11626	107	1.095663749698603
11628	370	0.9171461551095171
11630	80	1.774024253561416
11630	410	0.7650004258630287
11633	102	1.1319221867189186
11637	107	2.609092162638352
11646	150	1.525214515275735
11647	270	0.4802755815990993
11648	31	0.6344940660519217
11654	75	1.4319549083679326
11655	68	1.130282377297237
11656	71	1.89486090073535
11657	275	1.2131672718864623
11658	31	0.5995192205420115
11661	4	0.8934107208742896
11663	220	1.0505375221668696
11666	102	1.4308195391499992
11672	71	1.47921795375194
11672	4	0.7666545920786249
11680	177	0.9685881652344136
11701	31	0.8073097956986379
11716	107	0.9491183593706574
11722	210	2.9394272790750238
11740	427	1.4396096935462317
11749	97	1.2996436502577022
11750	220	3.825408523576237
11753	177	1.9073744533741088
11756	102	1.1668098048254274
11764	38	2.1004263193140513
11770	177	1.124179469697441
11773	3	0.8732100177117903
11777	3	0.9958506653331788
11782	67	0.8139802750837806
11784	19	0.9075276078664263
11796	367	1.2183557031552468
11798	374	2.61655596189285
11798	107	0.7443725336985719
11814	298	1.156567726609142
11819	107	1.598593505004185
11830	46	0.9069897259025261
11831	107	1.5449287686319881
11843	80	2.5972799977371706
11843	102	1.5029218757563858
11847	177	1.9982688804164241
11848	107	1.3055013335974368
11849	204	1.590583933536825
11850	20	0.9776447835871848
11851	350	2.033482936318216
11851	308	1.31845911639216
11860	270	1.2975048621001268
11866	220	0.8285273444201013
11888	22	1.505451861415404
11891	237	0.99656148870702
11906	20	0.8774723958557955
11907	410	2.1235792271680713
11910	74	0.9494005173549992
11917	241	1.3728345936011224
11919	107	0.8174740592843529
11923	120	2.8008165304332158
11924	21	1.4162326984136129
11941	270	1.3956683846917108
11943	270	0.9774820018631475
11950	107	1.3337093970014045
11953	74	0.846483827185541
11959	177	2.4756232659457584
11966	29	0.6770402393838073
11968	107	0.8829493187936243
11971	150	1.3887326693713298
11973	3	0.9463565144707342
11977	410	1.3043292135053643
11981	338	1.313290741152707
11984	71	1.4624316677483624
11987	71	1.3376827488068357
11989	107	0.8866742097235307
11993	177	1.7934954636193032
11997	270	1.3903028872510017
11998	133	1.050652538215368
12001	114	1.0768551734630125
12008	255	1.456012692863194
12009	67	0.8936257591973272
12013	177	0.9787532404920408
12017	451	1.1012042840508687
12023	71	1.4580602486943786
12023	38	1.1125476997655865
12025	38	0.9841081376655156
12028	107	1.3353328418471793
12029	68	1.3476336615399291
12029	33	1.1669391817259667
12046	107	0.813961573978782
12047	150	1.3959877517820258
12051	71	1.079998381136378
12053	410	2.335462257121634
12054	452	1.3140214304314788
12056	31	1.1702554399882061
12060	71	1.9749763340409252
12066	4	0.7888256183183703
12068	46	0.7868632224331618
12070	102	1.3067218750176073
12074	74	0.6590781738284908
12083	16	0.8281520683807516
12085	177	2.2191748796145347
12088	107	3.2669024896125363
12092	107	1.3950077538155905
12093	5	1.2736224917626136
12093	4	0.5678787287944598
12102	2	1.4412729195374117
12126	74	0.8124344188349548
12136	71	0.7407386843763458
12156	67	0.9078833951608465
12158	5	2.034585103970107
12158	354	1.0179025810359514
12160	177	1.347179573360576
12161	177	1.2386616943783042
12173	230	0.9542522673502243
12179	107	2.394763983331706
12185	177	1.2676632004821664
12187	177	1.60621090602942
12188	177	1.2172606530785903
12193	334	1.6334229954941761
12194	177	1.1596051635607705
12196	150	1.3459898311068024
12198	220	2.2925313825660556
12201	29	0.9404946867014342
12202	411	1.0088676577865578
12211	107	1.5985067028459516
12217	298	1.8318351083426212
12219	135	1.4015737426486827
12222	107	3.1431110998946705
12225	120	0.9061601319488264
12227	4	1.4578239605130991
12228	255	0.973520434094117
12231	177	2.2635466659523225
12235	4	0.8848526802419248
12246	177	1.1273273988402763
12246	37	0.5652382751984586
12253	50	2.041003029881134
12256	204	0.8183801507626282
12269	387	1.531094554050286
12269	74	1.1051984767982475
12296	46	0.9562848748638509
12301	107	1.5267018695474783
12307	3	0.8401936305370753
12309	327	1.2652086681598826
12316	19	1.5370647649490008
12320	74	0.7740999425847477
12336	17	0.8472936091199914
12338	415	1.331135321632319
12338	22	0.8632711132284958
12344	127	2.521768524507136
12345	204	2.3516720012434007
12346	415	5.088164894561676
12347	16	1.0571203578079877
12349	3	0.8859024306328925
12350	386	1.412343253103706
12354	118	1.255362180587562
12363	107	0.6172997439140623
12370	102	1.105737860740838
12372	97	1.261956692004277
12374	177	1.165732974455923
12389	210	0.9998744758333776
12396	98	1.5961187960226961
12397	46	0.7243087472187482
12398	37	2.5303773555486577
12413	177	1.9577344625862492
12432	220	1.02539738316537
12439	3	0.9462483575480458
12444	298	0.6443338068826259
12447	74	0.8999357764032775
12464	298	3.562761705948973
12467	120	1.9215821757523526
12474	107	1.1049900177596481
12479	107	1.6584869245665095
12483	227	2.5497598695953725
12492	102	0.885091078240474
12495	98	2.202518622320305
12513	76	2.096375667116949
12515	451	2.172853464913051
12515	107	1.0960398488653578
12516	177	1.5552254356600343
12528	260	1.1616682992226144
12531	71	0.8851531240295838
12538	38	1.6730850872987943
12550	260	0.9049193169991889
12552	74	1.3320752883251348
12554	308	1.562189620783098
12554	350	1.36275246519701
12560	177	1.0936841354846834
12563	177	0.8215443704329214
12581	107	2.538508279348375
12582	354	4.250980569300405
12600	67	0.9172356991293237
12601	79	1.381289044180835
12613	107	1.8530538162222434
12613	102	1.2143275917569532
12620	270	0.9885438138761328
12625	12	1.7129249134103406
12629	127	1.441970449024321
12632	260	1.7927390260254514
12635	133	1.2505886806876307
12642	177	1.4265404181342294
12644	350	0.9104040432155698
12648	270	1.4356134278570831
12649	107	1.7840624548495274
12650	177	1.7932619819403157
12654	76	1.1051661962297021
12655	67	0.8141502588482318
12658	98	2.461276964446717
12661	177	0.8934388966860699
12672	79	0.7904545250659689
12680	255	0.8998807261151218
12684	20	2.315207809794729
12684	34	1.7759066789448361
12695	4	1.8322107096924651
12700	4	1.9624913639480688
12711	150	1.6757594757959422
12711	4	1.3576781918147538
12712	29	0.8536708067787624
12719	177	0.6648378601404776
12721	170	3.0020038122081587
12722	127	1.3535177552669648
12727	270	0.9488634755482409
12752	97	1.4337396526257784
12765	230	1.680286356215581
12768	68	2.233020152578467
12768	71	1.4579250528023127
12769	107	1.3785786506393674
12776	182	0.9064343657825819
12778	19	1.5576484843314622
12779	107	1.0076882796002997
12780	107	0.7838972672532881
12781	67	1.2952121245632646
12784	107	2.84637911433415
12785	102	1.839612238298826
12787	127	1.0359444794056532
12794	107	1.6527779552538024
12807	56	1.3163668090689782
12812	255	1.53628028095079
12813	98	0.7701311898398951
12814	19	0.9891325230805824
12815	270	1.2218009253985398
12817	102	0.9241285667954913
12827	177	0.6374521920253191
12830	107	1.4760410848903833
12834	107	2.9691664022053406
12835	19	0.9068673743297733
12837	19	1.0623017942823414
12841	37	2.4652825365159146
12842	98	2.2170021358730283
12848	5	1.8372829418001106
12849	177	0.5493067548171819
12850	67	0.9638976053770597
12882	4	0.9806097448527169
12891	75	2.9724377220316613
12898	107	1.4292348098429446
12899	56	2.2588467025497883
12899	17	2.071061738619716
12903	19	2.0572636323682616
12905	204	1.6043633885738087
12908	353	1.0840470149070962
12908	177	0.7562570046333129
12912	35	1.519212302448296
12921	76	3.1519952573089336
12921	75	0.9759751682031308
12923	67	0.7350047714604265
12930	237	1.1409134701690784
12931	270	0.6540776640423176
12932	3	0.8724563865785797
12944	133	1.594289021288858
12945	386	2.165099492628718
12946	76	0.858769528665537
12948	127	1.2265271930342465
12950	3	3.947549690563476
12952	152	1.5767094935336041
12972	350	1.3721284506239455
12975	2	1.0025536883315929
12983	386	6.064215721467257
12984	37	1.741165800611973
12985	150	2.435611002841261
12987	97	1.5073419044531975
12987	19	1.237766630183684
12988	71	0.7453324857169363
12993	74	0.9104855874399752
12994	199	1.1958548860755989
12995	75	0.9302878812159732
12999	457	1.8282966695340706
13001	107	1.1957352460040018
13009	107	1.7969941722043932
13013	4	0.9560766451553523
13015	152	1.7645487685837689
13023	350	0.9364352513259316
13025	377	1.0736355454238722
13039	2	1.1044891851287426
13039	19	0.7574503571707605
13041	427	1.0525443356932684
13043	74	0.969697539211701
13051	107	2.797384015362976
13062	120	1.9301422174338747
13064	19	0.8796006867011668
13065	263	2.7134768209470224
13067	71	0.9686906666137773
13077	67	1.6592655079855751
13088	98	1.5375761814946347
13091	150	0.9242025884665169
13091	2	0.8952607419902642
13098	173	1.1113198428314672
13102	71	0.8714691113886452
13105	12	1.3183069689819622
13107	177	1.3092945398890146
13109	177	2.3579386454144995
13110	173	1.4022854217281446
13111	46	1.5406068641903212
13116	217	1.0556527520071868
13130	20	0.8719116641695264
13136	307	2.4069228736323627
13154	66	2.3032831599312305
13174	107	1.6281569174941828
13179	46	0.8858888646108787
13181	118	4.270772021072131
13183	20	1.361558958302339
13194	12	0.9220724604007813
13195	340	2.3090142804516436
13195	331	0.9225129571826165
13207	319	0.9070936416177874
13209	328	2.350802221302702
13210	75	1.4146380550458382
13211	150	0.9882453093647193
13220	173	0.83832658918956
13222	354	1.1087330514112859
13230	71	2.0850325432266077
13231	17	0.9340938940026887
13232	75	0.635568040039185
13238	37	1.200914996238126
13245	210	0.9413624992714065
13260	102	1.525986455644537
13260	173	1.1576962629975864
13262	107	1.1437519911529601
13263	415	1.1131099363732964
13272	56	1.950207837940909
13278	354	1.1565846799042703
13281	263	2.2218763768185
13284	71	0.6067667556048308
13286	98	1.3877633835307397
13290	377	0.6430886313660492
13295	410	0.9694815506157204
13296	38	2.1711725586373083
13298	107	1.5210587532569897
13300	107	1.134560903138994
13301	4	0.8646907253602448
13308	38	2.4211749813721344
13309	4	1.282137480369359
13309	74	0.9709167147400919
13312	48	1.9398670413571015
13325	258	1.8275949479432219
13334	354	1.030303601005706
13362	177	1.315244754002702
13365	4	2.728010936570472
13375	107	1.8016417417433968
13375	20	1.55044797148195
13382	270	1.2702810074028088
13385	308	2.190943171908507
13385	4	1.2908442811917287
13389	230	1.1486283485735604
13399	359	1.3456185084148626
13404	29	1.2516619724561955
13408	270	1.0098200447764465
13411	107	0.7704083526109088
13412	107	1.2303238996086323
13416	74	1.079171477039391
13421	386	1.1020271844688054
13430	4	1.5523961635000203
13431	37	1.2780197531052735
13434	118	1.7449308003202488
13435	102	0.8861229812990056
13435	75	0.8590704862070803
13449	79	2.151670256442297
13464	173	1.4486268821445323
13466	24	1.3181814727196548
13482	127	1.4640513374043789
13487	38	0.6531123166315573
13491	80	1.6341553523706558
13495	177	1.7576527852671626
13496	177	4.15489441136149
13508	107	1.0395353933981322
13520	158	1.8243481862671194
13527	220	0.9591526122638694
13530	102	1.3566395326233927
13532	107	1.1365827315531642
13536	107	3.107699243978577
13539	19	2.0418668731796155
13542	107	0.9728164339110084
13546	355	1.3534294572877712
13547	67	1.3152176326429788
13557	177	1.4847392996942685
13565	220	2.3175599105516893
13572	177	0.7093521026898243
13576	16	0.9250084106705122
13577	386	0.5712355665756172
13579	386	0.655048326137095
13592	102	1.007827048238117
13596	386	1.8724987517309628
13603	298	1.7815100528707741
13610	298	1.9452982182924228
13610	308	1.0449831243914987
13610	350	0.8715012289778116
13610	102	0.7452842186485368
13612	133	0.9606966163046178
13617	102	0.9132821722377907
13625	233	2.275814118321054
13629	107	1.5052121278758164
13634	386	1.6198546427757727
13643	4	0.8807179385846812
13644	177	0.8058242167546712
13682	107	2.0976631324837918
13698	170	0.8059433797045658
13702	102	0.5512099790705149
13705	3	0.8112082752059546
13721	102	1.352992975175127
13731	177	2.6642252166185383
13734	220	2.229812156015571
13737	150	4.488518910421544
13744	16	2.150569075473644
13744	21	1.812196998752748
13747	67	1.973758102451286
13748	102	2.7993554154459686
13762	410	1.223257373187859
13762	80	1.1829416987826336
13770	16	1.0655266281717954
13774	107	1.2517883026813652
13793	350	1.4446605427349963
13795	67	0.7723272288709955
13796	56	1.6838248176503525
13797	352	1.274389701998279
13823	22	1.0826029064651574
13824	71	1.5934881037679394
13831	220	2.2428484423331883
13842	76	3.3309560923839383
13843	270	1.3167326952570257
13843	177	0.840911926045677
13850	173	1.8648389362859323
13854	270	3.222863169482591
13854	177	1.6392112337960492
13856	107	1.2172117656655148
13861	177	0.8095278044250617
13866	127	1.1186416413565383
13866	5	1.0694626553731914
13867	270	1.7318070294425512
13869	150	3.541243203561102
13870	37	1.5304093582457838
13874	3	0.8361877712321828
13879	4	1.5363160489954064
13882	67	0.6608192811260549
13884	107	0.9416068108089932
13887	107	1.8726550933214827
13892	75	0.9182064824768366
13904	4	1.3981186795023146
13906	34	0.9817193941104494
13910	56	1.4230034402493303
13911	37	1.0396984549859838
13917	107	1.709684666049722
13927	102	1.6169653467886869
13928	71	0.8051211021673547
13940	204	1.4145376478545741
13941	75	1.1008544735496746
13948	19	1.839627500015396
13967	255	2.0806551599207044
13968	133	1.4585832999777464
13968	16	0.9515745950489162
13975	21	1.2830273506337881
13977	430	1.4869085872820766
13983	19	1.053325658560476
13983	135	1.022069390327281
13984	19	1.5222142822094358
13984	135	0.541654978944135
13993	102	1.0249512149314841
13996	102	1.7273597500806126
13998	98	1.7859219607011412
14001	177	0.6695716224982089
14002	107	1.2777525365591509
14008	107	1.1428220576615242
14015	150	1.5210041096669442
14020	150	3.03192338997299
14024	107	1.812469619195685
14029	3	3.46329044853207
14037	97	0.8536957415942461
14037	151	0.7489395270219809
14048	127	0.9021597595962108
14050	177	0.663353568144863
14051	71	1.7949252841893337
14056	340	0.7529751657736569
14067	270	0.6194493123605507
14071	340	1.6017347198033762
14073	177	1.115174329975677
14085	107	2.0643025103083072
14087	71	3.0733114237240198
14091	107	1.1411335523103445
14094	270	0.8994239534290236
14107	220	0.4874903374984753
14113	19	1.3972952513557038
14113	3	0.9520032219654284
14116	350	0.8321829596347113
14121	133	0.9348224329370989
14129	333	1.0765551344834061
14132	107	1.2612625754812912
14137	107	2.558804151797804
14149	20	0.8431405834900365
14156	133	0.9553528749479281
14162	107	2.7871262869543125
14165	29	0.7344943531166384
14189	3	0.8195905528942221
14193	71	0.7599430835045562
14208	67	2.1926128978590302
14208	29	1.394940978183368
14219	107	2.126575448406044
14226	177	1.615200648195047
14230	210	1.2911453258627037
14230	34	0.790625523721841
14234	107	1.8572801931052307
14242	210	1.032339982688843
14243	107	0.7820259587658606
14244	74	1.0009237337367913
14246	177	1.2753626693446767
14251	220	0.9454805873326831
14254	37	2.0245134400957445
14258	22	0.8513134392530282
14261	328	1.5410466919653785
14262	24	2.0575082463588696
14262	76	1.1759542813749675
14263	71	0.7870391629478047
14265	75	1.3861912568187011
14282	295	1.4399812492867239
14303	3	1.3815982275761023
14328	38	2.2339694572657898
14334	68	1.9726447452095546
14336	3	1.5517111250255302
14340	270	1.2448813317791811
14348	4	1.0567493336331242
14381	204	0.7035056572485449
14388	67	1.5133740189534775
14388	4	0.9003855883434527
14389	410	1.8463312789456001
14392	37	2.0262138574226265
14395	258	1.4415109924674487
14397	413	2.7613769278268157
14398	152	0.8867731702246513
14400	270	0.629813465454608
14405	270	1.5840885056012568
14406	259	1.179615436723043
14409	107	0.9102409942716182
14415	98	2.124253654867937
14417	270	1.002990559017888
14424	97	1.951251827425569
14429	177	2.0239856496046107
14433	29	2.6783834830888447
14441	56	0.881550426487699
14443	177	1.4327250799448379
14444	19	2.7455783800645923
14446	74	0.865301941685013
14450	107	1.912103618946944
14452	415	2.320538415192761
14454	152	2.0538796945650217
14457	133	1.206661596373674
14457	328	1.077961905690621
14459	177	1.370733188184815
14462	118	1.7796835821294603
14466	107	1.3713862627610123
14471	270	0.6050839723083601
14477	416	1.5444505177529557
14483	107	2.3153307120350792
14486	5	1.4737891077753549
14489	204	1.8368342465691634
14491	367	1.79320063113842
14493	68	1.2593597328570207
14502	258	1.770583728467634
14507	3	1.3758293070546028
14507	177	0.5281779584751782
14514	255	1.1505427675579551
14528	74	2.2602011067904364
14529	263	2.331860762291889
14530	16	0.8213213760030555
14534	24	1.4760896026522943
14534	416	1.4670694203518988
14535	133	0.8660823368548849
14536	133	3.5582547193883034
14538	413	2.493169234043142
14540	150	1.265989864091799
14541	102	1.1174423239198306
14552	177	2.315187355244124
14563	19	0.9194892054106241
14566	350	1.228200188089636
14566	210	1.0848174854737513
14568	350	2.178751815608212
14568	308	0.9974005202600511
14576	76	3.400931612389906
14578	56	0.8524724622748018
14579	107	1.4367324060051165
14580	37	1.505680912343961
14582	107	2.238670033291317
14583	107	1.6991579851061382
14584	120	1.219518451721221
14587	204	3.994372406165585
14592	387	2.409688918173896
14600	4	0.9176088002231543
14602	173	0.9655765750874178
14610	75	0.5671935375838135
14618	255	1.4627707732025867
14622	102	2.425358397694681
14625	4	2.4499882226899645
14629	463	1.0901784725907655
14631	19	2.4144951873254348
14633	74	0.999444287041807
14644	114	1.34504759547579
14652	270	1.4890171756616943
14657	177	3.7469341780271908
14661	118	2.3437070302435394
14666	4	1.536590608592039
14666	150	1.4177843706272515
14676	34	1.0675741491570605
14677	68	0.9891233331718695
14688	102	1.9216062504708524
14699	255	2.1839686821415043
14706	67	0.9242319328615418
14707	98	2.1365944730266255
14712	177	2.8661458301044336
14714	177	1.4661818168208227
14719	270	1.4794558619666769
14723	177	0.9191470766536847
14727	432	0.9665282077701728
14744	319	0.9244963391249655
14745	107	1.828549414952431
14754	410	0.7774316112552571
14758	71	0.5538208787528804
14766	415	0.6580020387729503
14767	107	2.1033868028847835
14768	97	1.032256663094517
14780	147	0.567666298976556
14781	457	0.6741930067491275
14783	20	0.8770792595205158
14784	328	1.5462231791992591
14788	107	1.3438445863446025
14801	3	0.8285252041814248
14804	466	1.0045012141600043
14807	12	0.9107454792189938
14823	102	1.733974576765599
14828	3	1.6918010628862752
14832	133	1.0777991112972762
14837	3	1.4246253585536939
14842	319	0.9525124763432664
14854	107	0.9525358000097807
14858	107	1.1549882640506615
14873	97	0.8979549824951363
14875	210	0.8451332587910071
14885	75	1.176820600063516
14898	20	0.863191338323438
14915	350	2.8951920585118627
14917	267	0.6146118594573114
14919	12	1.332737218165989
14923	4	1.242768042438695
14930	107	1.1986566969804633
14937	16	0.9475127922772508
14952	457	2.802391577165541
14954	81	0.8900028737024642
14964	118	1.9060749736826996
14971	107	2.690624249409571
14982	177	1.8189769356792347
15002	24	1.0636467381500334
15005	3	0.9850081569102643
15010	170	1.0082158202114004
15023	102	1.1480806402682695
15027	5	1.7125089502475774
15036	270	1.185374137710689
15038	177	0.9907592123002198
15039	220	0.960016577942873
15041	334	3.836620811898274
15056	463	1.3649388838102012
15064	4	1.0711390472724314
15067	67	1.0806541295067809
15071	3	0.9682481736323756
15072	355	2.323729289268438
15073	270	1.8132182909914558
15074	120	0.8777690727757637
15076	147	0.9907494364404823
15088	20	0.9206287367346462
15090	67	0.9583135049890424
15100	4	2.321132511275433
15103	67	0.8566740676079292
15118	370	1.0534003347596088
15125	114	1.376451709375646
15132	204	1.562417269508044
15137	46	0.8944025440657157
15158	270	1.3735740528167133
15160	466	1.4389367561266067
15163	84	2.008610757265977
15180	5	1.4611524568019616
15180	71	0.9225967479850216
15191	150	1.3919517638492216
15192	353	1.5569057881690245
15195	295	0.5117035175706286
15208	107	1.3911958476839508
15209	118	1.5794213911970596
15209	152	1.2267484151741006
15210	319	0.9723529391156932
15218	102	0.8892306405559995
15230	76	3.093269065963649
15230	75	1.3186004713505155
15230	147	1.1323880142723717
15232	107	0.7194606530287136
15234	3	0.961080285489877
15239	107	1.0901996699127712
15245	270	2.059227214001776
15248	177	0.783621751683677
15252	241	0.9610539546017532
15253	81	1.6634297071139497
15254	20	1.549063726942154
15256	241	2.223143201339721
15274	382	1.1014243692375363
15275	74	0.8113008436362058
15282	12	2.0616076580332763
15284	110	3.461088192057658
15287	177	1.4217251815575656
15289	173	0.4711149203069365
15296	118	1.5803664381409037
15296	107	1.3294010165892358
15319	270	1.103836611005244
15321	75	2.380953335973511
15322	270	0.9842518301985186
15330	74	0.9880178938446548
15330	20	0.856171880617333
15334	173	2.534701889730993
15347	248	1.373718682985358
15347	207	0.7808400813253
15350	71	1.0100560053596486
15355	258	1.9077232099436146
15368	80	1.8869405079939228
15368	24	1.3887414773782307
15368	102	1.2514264255142211
15380	308	2.7434734829824645
15380	350	1.720508207386983
15387	308	2.344187988568849
15387	350	1.694041706178561
15388	97	2.046896647576321
15393	374	0.9050171090699239
15409	410	1.31561958215246
15413	102	1.0460160466121111
15415	177	3.5680356378390687
15420	241	2.264901819936493
15427	258	2.060270919463423
15429	328	1.391065435994812
15434	270	0.7010091178051436
15450	39	0.9547717272144574
15451	220	1.2451254272488277
15468	150	0.9872749224904629
15470	340	0.9688561558797483
15471	263	2.0944008892014487
15471	97	0.8703429483707567
15472	308	1.826193731745888
15475	308	1.8389295432198765
15475	102	0.64500473153086
15476	377	1.73209646857195
15478	328	0.8513576444570733
15478	133	0.8343074880198158
15484	270	0.7090092820945472
15496	204	1.1692818220346932
15498	152	1.211748898109309
15511	158	1.3802545099751637
15521	170	1.7200578207225834
15522	270	3.341142618384162
15524	150	1.0340892745967312
15526	120	1.8408413423251293
15532	20	1.6048137061256023
15537	118	0.6648037170870527
15549	37	1.8867355789110314
15560	107	1.2825326452012549
15563	270	1.1347909447203157
15565	217	0.9190702823806997
15566	102	0.9854572593452975
15572	107	2.25956115129339
15575	328	1.2466074814562476
15582	20	2.45558334939325
15586	19	1.3752844543268958
15593	29	0.9739380297704063
15598	424	2.764263230742565
15598	114	1.687828655013596
15602	31	1.0496151699626382
15606	102	0.8090965460668876
15607	107	0.7332660820248029
15612	19	1.7221474017593215
15613	177	1.0358705509992228
15613	328	0.9107454792189938
15624	177	2.1436376924709526
15633	97	0.6849580734076539
15657	3	1.1352510260558748
15662	67	1.875378725504938
15664	67	1.261594059930887
15687	4	1.142239834288811
15692	270	1.0092529837986248
15703	107	0.9122800904132499
15704	118	2.351296738847795
15705	107	1.68050565277926
15710	177	1.3355940270847575
15711	5	1.648975616423886
15713	66	1.5166112938514151
15714	107	0.8566866965984035
15719	19	1.258539862234845
15724	177	1.2422259285993207
15724	38	0.7073536858083876
15725	102	1.206160426295248
15728	386	2.9771994416285024
15733	19	1.5221697976908126
15737	334	1.9844635287207368
15740	81	0.8527914622574745
15745	173	0.7943817451192017
15754	432	0.9232522098735677
15758	16	0.9374426468235147
15770	75	1.051373742785082
15780	107	0.8227322971577907
15788	220	1.2038319780710658
15791	37	2.563762649875887
15794	84	0.8304979713748781
15796	37	1.1662027941597677
15811	102	1.0924395745745552
15813	173	0.9840423789655771
15814	466	4.156900297658497
15819	118	0.8651490267475589
15824	107	0.8995884941784719
15827	37	1.9580488343089582
15833	102	0.8889658258505581
15850	20	1.1180089286468857
15861	68	1.1309816776854524
15869	427	1.7160423512514218
15869	19	1.6319834634635073
15870	270	2.1726881609841744
15871	209	1.451303919019611
15878	75	1.776643725381041
15879	107	2.058186806167165
15880	68	0.6741930067491275
15889	177	1.7028385373193593
15898	328	1.3600452626663655
15903	150	1.459564686686402
15907	107	1.911555847262571
15918	270	1.495542440255786
15919	270	0.9516015859934551
15936	410	1.352661968260422
15937	67	2.023204675428623
15941	37	0.9655215052343724
15946	67	0.8976991840302153
15966	16	0.9057906223021728
15970	102	0.7965697267602342
15996	19	1.1059255770737526
16000	17	1.534787264119063
16002	102	2.342331771281253
16005	75	1.215022909691243
16007	71	1.4447463626975936
16010	114	0.9851966298063228
16013	177	1.6268421989164867
16019	102	0.8032932126884376
16022	19	1.9933165962429105
16025	328	1.4729139801408795
16028	3	0.9788004527108776
16038	3	1.0523765466069523
16063	217	1.4496572432485766
16067	328	0.9103184487240482
16068	3	1.8039017132792228
16069	107	1.5282598336302202
16072	255	1.6386980932071031
16074	340	0.9953800884986859
16090	3	1.5102845974747807
16098	2	1.4848096126272112
16101	29	1.0086863545934464
16109	102	1.189635937962104
16112	107	0.816817418917314
16115	102	1.0846495736433897
16118	424	1.25039099276594
16119	177	0.907802031896823
16125	12	0.630678431135334
16135	270	0.7535530273399127
16141	328	1.447953600701367
16148	67	1.4630253700755862
16153	411	1.354584238197255
16155	355	1.1317307393228977
16155	150	0.9881353159083107
16169	204	1.2548367905628266
16173	67	1.2190375665803717
16179	107	2.426205337494965
16180	220	0.8000849373526754
16188	19	0.9728023564291451
16207	463	1.3820489377434082
16210	102	1.0262772830939757
16214	295	0.9928019977516396
16236	359	0.9984750569707206
16239	177	1.271068651810684
16242	410	1.8569295610589784
16247	102	2.710947111585768
16249	118	1.3776948635019253
16262	84	2.428200140238797
16266	107	2.326110372257463
16274	19	1.025511689402504
16289	413	2.3210165509586824
16292	3	2.294489137635633
16298	3	0.7489201580782031
16302	328	0.8603403936042234
16303	328	2.782929503133488
16303	3	1.917658145073003
16305	37	1.7265874133424173
16306	47	1.5571485761223918
16307	46	2.8620291406862988
16307	27	1.7723330391805843
16308	328	1.4800297389542088
16308	177	0.7907330886071928
16312	118	1.4301877789921975
16314	47	3.5071143945927643
16319	67	0.8168802483657215
16328	270	0.6604735288453312
16340	177	1.1720611263658964
16345	56	1.3234005602778327
16356	410	1.5903772904543236
16356	16	0.7972100447494432
16357	68	0.9792969580641195
16358	5	1.9464066187071498
16364	68	1.6348594529371434
16368	451	1.3742423150832495
16373	114	1.4616410128310513
16375	3	0.8646071456511366
16378	394	1.5069741222613442
16379	34	1.4792121870851407
16380	2	0.9346889496033401
16386	107	1.5828086964410417
16389	67	0.8085632301474514
16395	102	1.558196965381875
16411	67	1.230857712436276
16425	29	0.8983829879329622
16426	102	1.0468173953593758
16427	350	0.7830989763619473
16451	270	0.6342125037063033
16460	75	1.2031239721120857
16465	107	2.0311943694188255
16506	83	2.8155457257848973
16506	67	1.3390844242702422
16507	416	2.0451157530534934
16509	71	1.512526497745924
16511	3	0.9624481766731223
16517	16	0.9805377489204542
16520	258	0.5024743518203556
16526	127	0.74991139358358
16527	298	0.9356309763666057
16529	20	0.9028425331656713
16532	386	5.478315683814162
16535	67	0.6006899777710244
16537	71	1.4501988721199914
16541	263	2.3154261208306757
16549	97	1.5486994358966324
16562	177	1.539243488578581
16593	74	0.6057354294029781
16602	79	1.8733172220774066
16605	19	0.8456080287395261
16611	38	1.1991351903627916
16612	451	1.902523241214421
16614	46	1.5843381658478228
16620	107	1.0666628160193483
16625	177	2.0444748477102053
16626	340	1.97278569111281
16628	107	2.738884101141762
16630	38	1.315135303543778
16634	270	1.4686446041510748
16636	31	0.9248195784815947
16639	46	1.4314712946827721
16651	17	2.678966679773997
16661	35	0.8470856976596878
16672	20	0.9104931222587097
16678	67	2.911751385236088
16682	220	2.0443937569101935
16692	118	2.467647982864145
16694	102	1.3335659237012036
16695	71	1.6904878061136785
16699	152	1.6880216432213095
16699	3	1.464347844208813
16703	19	0.9661567376215657
16703	80	0.8525596571486659
16710	16	0.9312015580874675
16715	107	2.2705490484622413
16719	79	0.6828704855942396
16722	19	1.5328740577370654
16724	102	1.9779829299530742
16751	12	1.4111008262719609
16755	37	1.7592399655799675
16759	255	1.0428089776185732
16773	79	1.159141866957866
16779	177	0.6382303853359357
16786	270	1.3318716789305935
16805	107	0.8746346586557413
16808	410	0.8602708310010869
16809	177	0.8700981146373822
16819	150	1.6582879251223477
16825	107	1.283959189464184
16834	4	1.3312299120278606
16835	19	1.0700651396518805
16836	267	0.7505753441508723
16839	386	0.7239422992897172
16842	118	1.7396058150638072
16844	67	1.0311718868741329
16847	170	2.1404918829718413
16847	328	0.8990893556803893
16849	107	2.7020275392035744
16863	4	1.4380793183693394
16878	150	1.3298595944017269
16887	108	1.0567786831509103
16895	71	0.8274165591081987
16906	37	0.9805376896188354
16908	177	1.6141394180800193
16913	107	2.1845609699610753
16915	107	1.025719961667851
16919	71	1.9564273704483477
16922	107	2.136355435038845
16924	255	2.225132340979589
16935	68	1.9240933111791976
16937	255	0.8860287984005523
16939	107	1.995410956591417
16943	20	0.8911904239362306
16948	355	1.364683042720683
16955	152	0.7919408077274287
16957	107	3.159586896723785
16959	31	1.3830107778372644
16960	255	1.6701383535607242
16970	241	1.3154598720768074
16972	177	0.8780609797159282
16975	355	0.8631681673274034
16976	107	1.3153107917294224
16992	150	1.3125443470358036
16993	71	1.7172726429341232
17003	177	0.9474185621172129
17027	12	0.9341108435616
17027	16	0.9211057040795522
17031	328	0.9822388310444575
17033	107	2.9967612966362527
17045	177	2.1288788471795748
17058	259	1.4259085967512442
17065	12	1.3831413499439051
17067	12	1.4822206198702383
17074	107	1.9586231149188298
17081	457	1.7831199606086716
17087	12	0.9388936053783519
17089	107	1.426194415164099
17100	71	0.49714742139246665
17107	177	2.3680959146068004
17118	67	1.2820459704539844
17124	3	7.335222530314533
17142	210	2.0087817602825795
17142	107	1.4662740357350632
17165	427	1.1150936106157339
17173	350	1.1917540420251909
17175	328	3.6685454274923606
17177	19	0.9305875849974203
17187	107	1.593484661489772
17188	3	0.9084967940579773
17195	376	2.923381933104708
17200	133	0.9655221105875698
17201	150	1.464581939863481
17203	107	1.2597751245817357
17224	107	1.608723271779662
17231	107	1.5915283131522455
17238	237	1.0690016251755678
17243	488	1.0021649035304436
17247	12	1.5512607284120559
17252	16	1.0113490779901448
17256	415	0.8592220119891131
17256	29	0.8545124981254458
17276	75	0.8953247928912875
17280	71	1.5428014051508545
17283	114	1.8188162881618106
17288	102	1.9631298771887782
17300	424	1.4750589969452639
17302	97	1.406605806175077
17305	76	1.9246505630207371
17305	350	1.4506412202445338
17319	416	2.3995749005033673
17322	71	1.399922893288609
17349	4	3.209592883526918
17353	377	0.9726321782064782
17354	31	1.1188347220294639
17368	102	1.2778044071607588
17370	410	2.2182775988145975
17377	3	0.9210323667694581
17388	3	1.5749166032639703
17390	84	1.1741879616080613
17393	4	0.5565864538456737
17398	374	0.8838814900983865
17398	107	0.8529176859849492
17408	150	1.7316875142592378
17413	102	1.3960993317733705
17416	173	1.3463606529534933
17417	270	1.2198621330386172
17424	133	2.072039693631565
17433	210	1.606851220260138
17433	35	0.9090069699086379
17435	98	1.3266562616736874
17436	19	0.8852858805116146
17440	56	1.4531243393884168
17449	107	3.143902753391207
17455	270	2.31265699501058
17456	328	1.9540802511929394
17472	37	1.1964679295231186
17474	258	2.952882561301025
17475	107	1.6435901749439445
17477	107	1.3967427348769603
17485	177	1.3260306723575106
17494	107	1.6016664778651521
17500	102	2.2011547171176593
17505	102	3.347160478711161
17505	350	2.260277834953542
17511	22	1.4965184003436665
17520	298	1.4231939131391849
17522	158	1.3043400596010746
17528	71	0.8382968225542806
17532	71	1.006760109072451
17539	107	1.85070192797033
17543	81	0.933696368154798
17550	98	1.729965280224828
17557	127	1.2147246568146604
17560	230	0.5857341457654914
17562	16	0.9514279110782454
17571	107	1.0521762352535726
17578	4	1.0676266011073863
17579	71	0.9158357306353648
17593	3	2.9536250173527634
17609	107	1.623824693064111
17612	355	1.0661283261246548
17612	37	0.7613941680694386
17615	71	1.8639773318556176
17619	350	1.713075343895154
17623	102	0.6267353691638191
17624	410	1.0989290314568225
17624	16	0.9047946399299601
17626	107	1.6733970825209095
17627	107	1.3016856256016942
17628	328	0.9912090770048996
17634	150	1.4937288090946275
17643	270	0.7748822670711618
17648	466	0.9664716526501602
17652	270	0.9141934508790588
17665	74	0.5243433487220382
17667	16	1.0955289474182368
17669	270	1.1880204145644278
17674	270	0.5014842315882755
17681	102	2.159497401392727
17682	251	1.1783195897516696
17686	4	1.6029087332231655
17693	79	1.1043936221981758
17706	102	1.0310905235887824
17710	98	1.9043996694067606
17720	67	1.809037126696391
17720	3	1.5962105431571536
17721	71	0.8434868602388306
17723	107	1.4393354301735781
17728	107	2.453119702010997
17736	350	1.345027359077123
17736	308	1.1228550748500867
17743	352	2.6879725848561877
17750	12	0.7812801839848346
17755	71	1.3012900441684905
17767	107	1.100538052457099
17776	102	0.743626182274227
17782	466	1.60185831195821
17787	177	1.292854343895696
17787	46	1.1102922557869523
17789	217	1.443450323423831
17796	19	1.0007397699912493
17799	237	0.953369268570246
17805	177	1.071315825542451
17809	260	1.4363350839569937
17827	19	1.2463433640639077
17831	118	1.2795950916146486
17836	150	2.0488488310768105
17839	377	1.5519551180372386
17845	102	1.638466014934809
17850	328	1.440395912365077
17854	75	1.3868438996923005
17855	107	2.7531131010567798
17858	133	1.7745217469444479
17866	350	1.9886119428435958
17867	127	1.4431437734299815
17874	308	2.0085681641970563
17874	350	0.8754530795065856
17875	177	1.120868594535904
17877	204	2.3431727887653606
17879	56	0.9826706230005846
17880	35	0.9540942790844332
17882	130	0.8838480383106407
17898	150	1.5171934000308747
17901	410	1.0992292458850854
17904	107	2.3344790038691716
17906	71	1.6494828184188457
17907	102	1.4947102254611948
17911	38	0.8871398658337256
17916	107	0.9646320142370544
17917	355	0.6962051477502627
17921	19	0.8856313104056193
17923	107	2.360517121489047
17924	263	1.4422422852367949
17928	71	1.2006677648536699
17935	255	3.310097776733655
17959	107	4.2792680124423415
17961	4	0.9718998312740095
17977	29	3.498476703921977
17977	173	3.117311597327272
17987	107	2.1452078918956006
17994	12	1.6556917192594336
18001	71	0.4439724060972446
18004	107	2.1378648000517364
18005	4	1.0611854231725109
18006	4	2.262545410502911
18007	71	1.116100343237703
18008	466	1.535397098839093
18011	263	0.7813500068264589
18033	294	3.224936187500325
18037	29	1.4201218644083407
18037	71	1.1044784350580943
18045	328	0.713028345838737
18050	29	0.8713937675542294
18051	37	0.9924794117936255
18051	147	0.9900260008691371
18063	37	1.2169948638826944
18064	147	3.455155699317584
18068	463	1.4677019914270002
18084	204	2.6112670699402116
18087	107	1.3107796824354225
18093	410	1.2433205284339672
18094	4	0.9104569769536506
18095	328	1.5255447081083107
18099	210	2.7366227974530544
18101	118	1.261803271565001
18111	68	0.8892474054945717
18120	5	1.1850442541364028
18121	118	1.4947696424872057
18125	150	0.811635544861237
18130	147	1.6469510666968297
18131	46	1.0504335615440157
18132	19	1.4607822535031694
18133	19	1.415453935818096
18134	432	1.2267023920373779
18140	120	1.6610025268538238
18143	19	3.6372854196170623
18156	3	0.6680732040340467
18169	19	0.9734280960447486
18175	340	0.5587010205211634
18197	107	1.0660804979192449
18206	67	0.9636468568376558
18210	237	0.9370341963163549
18216	107	1.3569782089425824
18227	107	1.144539629934495
18240	19	1.0096173638132862
18242	19	0.5878863830065462
18248	427	1.0349799162925621
18249	150	1.5474093707980439
18261	150	0.6629151466808002
18263	56	0.9057820009060056
18265	68	1.8778489490735024
18269	350	2.4420677288288513
18271	177	1.6749875588540197
18278	328	5.168484691930031
18284	204	1.6438384660344627
18284	74	0.8158482275923147
18295	17	0.7263775980068964
18300	270	1.7890830472947936
18316	102	0.43778535898468485
18317	71	1.1676140357118885
18318	46	1.9530741991424687
18320	97	1.3352315480792742
18333	270	0.7706887109123223
18343	425	2.7256701192723574
18355	118	1.220046157323447
18356	260	1.2577123879127836
18365	308	2.3858307170924977
18367	20	0.6291549469766387
18380	71	1.4842823565321264
18383	107	0.9411882024172494
18404	102	1.037509544308767
18410	410	1.7151196605557308
18420	107	1.4492938330801237
18426	415	0.9754009427166442
18436	102	1.501192087222109
18439	102	1.4120082933507576
18445	107	1.2664075157253196
18451	173	1.7165148809318307
18454	107	1.814239973696851
18458	33	2.3968294084160986
18459	102	1.9685772182886438
18474	102	1.8181952004606654
18474	416	1.4145742728823947
18474	80	1.088036396718108
18476	107	1.1339722567259989
18477	71	1.9421902394572155
18487	4	0.8755986894901273
18506	260	1.8970620270555312
18517	107	2.6250019609906277
18523	263	1.9970573369294002
18525	19	0.7985143118425496
18531	19	1.6256902010292122
18552	270	0.7518847360258141
18559	355	0.9194288341239983
18563	71	1.4025750046495573
18563	422	1.3964577474591682
18563	118	1.2224608250085578
18569	350	2.5087938505817533
18583	102	3.074110067469145
18586	4	0.7880675574538029
18588	270	1.0049192856827431
18595	107	1.821733231657672
18606	74	0.6508582633797189
18620	463	0.8453551103777182
18644	340	0.5888246317219441
18671	114	2.032394547290755
18673	270	1.193050622423271
18675	150	1.4492471148433244
18677	353	1.8137039385848472
18685	177	1.9006007112535308
18703	413	1.702751339772982
18705	4	1.148825858578325
18707	107	2.3570943120344987
18710	80	2.0751516865849533
18716	150	1.329495636541243
18717	38	1.4531772620373224
18722	259	1.1348653221340652
18725	328	1.1295738395402628
18727	16	1.4043740116512917
18730	260	1.5110495868499143
18733	220	1.6086163237751283
18742	177	3.7497082282564804
18743	328	1.35890983719215
18749	374	2.366277755146502
18755	107	0.7817624257132546
18764	102	3.0444963945885757
18785	107	3.840989252963543
18790	2	1.0743770881637744
18793	150	3.86240727680402
18798	37	1.0263786722075916
18801	150	1.5629819359964452
18817	107	1.0088423690468171
18826	350	1.5294426410642705
18826	102	1.2974462003110936
18828	102	1.1135236554862114
18835	133	1.6928089432749223
18836	152	1.7749608047670806
18837	4	1.5628731101146414
18843	107	1.1179195282904593
18847	270	0.7589567431635853
18872	177	1.1673998669965011
18873	19	4.182414679821287
18880	4	1.3782240099428509
18885	270	1.8855247112192284
18888	107	1.0396848431010164
18905	34	1.135997732674794
18905	67	1.0852679731316957
18906	127	0.8344367642473912
18918	107	1.64100048172173
18930	3	4.788858294752774
18933	74	0.9783606494225912
18936	4	1.9914099201856297
18954	270	1.100956539211491
18960	463	0.7334726032586413
18961	56	2.1194739781598226
19004	81	2.230810643664902
19017	97	2.237522433670261
19020	413	1.1369215713579315
19032	16	2.148288726530553
19034	463	1.8609874142451168
19034	295	1.1756700926563326
19037	107	2.5591866959949146
19040	12	0.9494525704011636
19046	4	0.9348261759799381
19051	424	1.1576711637102135
19062	270	1.630703396389178
19072	350	1.0720918106336614
19076	80	2.19513855728552
19079	298	1.3906517598904178
19085	83	3.3040849848512206
19100	4	1.2517353905665076
19104	5	0.8685501445087969
19117	107	0.812440344320781
19118	88	1.1944369806724355
19123	177	0.9965682254980051
19124	177	0.9791447160348435
19128	207	1.1131767311656788
19131	107	3.418290370989104
19134	127	1.0441039026731462
19138	204	0.9758699228634761
19141	204	0.6849580734076539
19144	170	1.1315755448804876
19147	150	0.9188336172364064
19148	152	1.6810100805712105
19164	463	2.88305506844795
19165	457	1.4241901991494217
19171	340	0.9662550794743494
19180	20	1.4605185342421703
19184	12	1.003763866402493
19190	107	2.323801580456899
19190	220	0.9343781630718986
19203	102	4.701350544163768
19206	416	1.4262085016365238
19207	19	2.046317297044768
19212	133	3.469811182119047
19217	12	0.8857104398605486
19219	4	0.9248253652399249
19221	413	0.969616803885957
19224	75	1.3125003143262057
19228	270	2.3022827645291724
19232	207	1.5597063312368968
19239	220	1.0257749903971063
19245	270	2.0551846705849854
19252	97	1.3526506388953456
19256	355	2.0462154241308115
19257	34	0.948895368634776
19280	294	1.645300575035378
19285	31	1.5860295423479027
19286	386	1.051309478480229
19289	427	1.3199757670895764
19294	427	1.1367111797975002
19298	177	1.3891158240374806
19302	133	1.5102013367841483
19314	270	0.37950241432457893
19319	107	3.3835193779456505
19323	107	0.9660436148240318
19339	367	1.0608082140307176
19348	102	0.7128835663438938
19349	3	1.2099104820458144
19349	177	0.9752749338882098
19353	177	1.4355125889841727
19354	152	2.2410154940193614
19357	4	1.0381660157029906
19360	37	1.4666690711518375
19365	81	0.9057640845838903
19385	150	0.8697594142311654
19388	17	0.9998915642684836
19388	107	0.942693924125294
19393	220	3.1603547440433966
19402	107	2.2701982474124414
19409	102	0.7813615812087257
19411	220	1.5027097655475197
19412	38	1.0593513366641976
19416	255	1.0848163337986876
19417	71	0.8684349626877246
19426	68	1.5774197258991987
19433	177	1.7207744686023942
19433	328	0.9572533929737005
19446	270	1.2457435434966246
19448	37	0.5927581418194747
19450	4	1.9454457005235744
19456	359	0.9722807135054663
19457	328	1.6547876549039902
19466	270	1.2010522604326537
19471	16	1.0511703365150231
19473	118	3.660017965204247
19480	3	1.128093258472274
19488	207	0.9372022044253552
19495	315	4.653276642070408
19498	75	0.6502129036061017
19508	107	2.474295736400629
19513	150	0.9048607177531754
19516	118	1.8790540319705904
19517	46	0.6687645456922362
19524	328	0.6713009173490407
19526	204	0.7558776087889423
19530	46	3.2929255686638106
19533	334	1.2377102910060738
19539	107	1.8569460665852553
19550	377	0.9419014208557038
19558	334	2.4734102701154885
19558	118	1.6119637138434864
19564	102	1.160115189348811
19564	413	1.1409879106386136
19567	294	2.02760420982192
19573	150	0.5471321652098626
19591	150	1.124179469697441
19598	150	1.7621010124554546
19602	16	1.0352818522126608
19610	107	1.3748520603475267
19614	107	0.9368139681326546
19622	150	0.5628869257558728
19629	413	2.140915554727285
19629	334	1.486349735371077
19631	350	1.8621854514341654
19632	355	1.4405584371595077
19651	67	1.6514272365441431
19652	307	1.0646517727968043
19655	37	1.1541222532777495
19656	270	0.6211259790696149
19662	81	1.137706265133024
19664	177	1.8075023944361395
19664	328	0.9920580246110069
19670	81	0.8875205931429743
19670	74	0.8836607464248685
19671	4	1.6858243021886465
19681	4	1.1082987094562866
19683	19	1.4871383510058274
19685	67	1.197135579774324
19686	4	0.9058420338793035
19688	38	1.2596537168159136
19688	355	0.5895641605355241
19693	410	1.5463587209196097
19700	413	0.7781820786524358
19700	102	0.7470288169195013
19701	410	2.9696631734806855
19717	4	1.8163738449351599
19718	4	1.7266409340663582
19718	3	1.0053578851796536
19728	76	1.218035601867991
19734	150	0.9783856750418257
19740	4	1.3375732670670846
19740	3	1.0860334033548402
19743	120	2.4545245729086815
19748	124	0.7937834049179813
19750	177	1.2576773959296188
19756	255	1.1816033032945519
19757	270	0.5491743260709673
19764	47	0.9390183218732839
19770	71	0.6469115379278624
19772	107	1.2272535787768626
19779	107	0.9992346484203224
19789	37	1.0696116356631455
19803	3	0.6665366573807701
19805	71	1.187518344560521
19829	427	0.9139310183526737
19836	340	2.2300997050829556
19844	16	1.0858362647700437
19852	68	1.104413929559818
19858	4	1.512600118569028
19863	177	1.300192637163253
19871	4	1.1454742387603711
19872	12	2.009094851899802
19876	204	1.595952479726496
19884	3	1.8936340463826216
19912	98	2.947921119930731
19917	3	2.7502629532480123
19927	16	0.49985341272299644
19928	33	3.524311929049049
19940	74	1.5919442333746117
19951	47	0.8581383911197256
19953	67	0.8722218119318409
